5.366000 0.0000000 0.0000000 0.0000000 0.0000000 0.0000000 0.0000000 1.0000000
5.700000 0.0243027 0.0015663 0.0067275 0.0001352 0.0314033 0.0002012 0.9995068
5.733000 0.0265288 0.0011330 0.0060342 -0.0001770 0.0358821 0.0003604 0.9993560
5.866000 0.0409453 0.0025607 0.0064390 0.0001518 0.0525678 0.0001255 0.9986174
6.066000 0.0638396 0.0039229 0.0052668 -0.0000051 0.0835223 0.0002912 0.9965059
6.266000 0.0838551 0.0043228 0.0023822 -0.0005880 0.1151134 0.0006797 0.9933519
6.333000 0.0886798 0.0041498 0.0011995 -0.0009633 0.1260531 0.0008449 0.9920227
6.533000 0.1078367 0.0056613 -0.0032315 -0.0010116 0.1552676 0.0015577 0.9878707
6.666000 0.1180840 0.0035585 -0.0087777 -0.0023961 0.1715015 0.0019148 0.9851791
6.866000 0.1320865 0.0049133 -0.0123438 -0.0025267 0.1929745 0.0023904 0.9811976
6.933000 0.1366119 0.0050691 -0.0136888 -0.0027668 0.2008327 0.0024747 0.9796185
7.133000 0.1480577 0.0036851 -0.0208622 -0.0041152 0.2214250 0.0031331 0.9751637
7.233000 0.1544307 0.0054417 -0.0219187 -0.0036833 0.2302177 0.0034633 0.9731261
8.166000 0.1838870 0.0026547 -0.0309096 -0.0047921 0.2595755 0.0062270 0.9656909
8.933000 0.2006906 0.0032438 -0.0100548 -0.0044607 0.2804211 0.0069500 0.9598415
9.366000 0.2087720 0.0029921 0.0010974 -0.0051195 0.2837521 0.0064544 0.9588623
10.433000 0.2272413 0.0029410 0.0287995 -0.0055073 0.2802929 0.0072213 0.9598715
12.666000 0.2650432 0.0036762 0.0886604 -0.0060811 0.2700116 0.0054628 0.9628224
13.200000 0.2738386 0.0037491 0.1019150 -0.0051259 0.2704822 0.0068517 0.9626870
13.400000 0.2778592 0.0040654 0.1074268 -0.0048379 0.2730563 0.0069345 0.9619609
15.666000 0.3175908 0.0043119 0.1649102 -0.0047068 0.2816569 0.0070478 0.9594778
15.900000 0.3215395 0.0042633 0.1704674 -0.0047125 0.2833814 0.0070934 0.9589695
17.700000 0.3531375 0.0049103 0.2144784 -0.0045986 0.2908097 0.0063081 0.9567491
19.933000 0.3918912 0.0058265 0.2701216 -0.0043119 0.2902393 0.0043337 0.9569346
20.466000 0.4011572 0.0056908 0.2822959 -0.0033788 0.2923804 0.0054142 0.9562808
21.000000 0.4105875 0.0062169 0.2954260 -0.0025456 0.2942568 0.0043003 0.9557133
26.500000 0.4915363 0.0058924 0.4049734 -0.0014281 0.3057408 0.0045101 0.9521030
29.433000 0.5191975 0.0057166 0.4334915 -0.0036017 0.3410101 0.0029741 0.9400480
29.966000 0.5305661 0.0057077 0.4445517 -0.0039264 0.3489420 0.0038101 0.9371284
31.433000 0.5622814 0.0051144 0.4770168 -0.0035348 0.3590850 0.0037091 0.9332908
31.733000 0.5688262 0.0052688 0.4834558 -0.0035433 0.3592230 0.0041158 0.9332359
32.000000 0.5744722 0.0050274 0.4892940 -0.0041488 0.3598886 0.0039634 0.9329776
33.533000 0.6069019 0.0051446 0.5223776 -0.0026798 0.3623921 0.0052667 0.9320070
33.800000 0.6124350 0.0053115 0.5283431 -0.0030065 0.3630463 0.0040411 0.9317575
34.066000 0.6183071 0.0053675 0.5345356 -0.0031510 0.3631930 0.0039959 0.9317000
34.600000 0.6295423 0.0050412 0.5459060 -0.0043089 0.3633311 0.0037922 0.9316424
34.733000 0.6325011 0.0050723 0.5485775 -0.0039976 0.3633546 0.0045290 0.9316313
35.266000 0.6437825 0.0049933 0.5596355 -0.0033588 0.3651969 0.0052780 0.9309093
35.800000 0.6550035 0.0051628 0.5710674 -0.0030218 0.3670143 0.0047096 0.9301984
35.933000 0.6576728 0.0052254 0.5737183 -0.0028868 0.3673241 0.0048750 0.9300758
37.000000 0.6803505 0.0051870 0.5964761 -0.0044851 0.3675864 0.0036844 0.9299713
37.500000 0.6903830 0.0050598 0.6065861 -0.0039581 0.3674543 0.0043737 0.9300229
38.133000 0.7036279 0.0052994 0.6198995 -0.0030704 0.3691141 0.0046412 0.9293674
39.066000 0.7230096 0.0055397 0.6401194 -0.0038054 0.3690943 0.0042515 0.9293745
40.000000 0.7433294 0.0055486 0.6587081 -0.0032922 0.3721210 0.0067517 0.9281538
40.466000 0.7534711 0.0054186 0.6679671 -0.0033149 0.3749343 0.0072499 0.9270171
41.033000 0.7650998 0.0054698 0.6789283 -0.0035831 0.3774905 0.0068515 0.9259812
41.266000 0.7700911 0.0054271 0.6838625 -0.0039538 0.3785103 0.0073342 0.9255596
41.666000 0.7781966 0.0055143 0.6916360 -0.0044024 0.3803235 0.0068484 0.9248177
42.200000 0.7889116 0.0057089 0.7015277 -0.0042679 0.3839252 0.0067126 0.9233299
42.466000 0.7941871 0.0060289 0.7061625 -0.0034161 0.3849964 0.0062430 0.9228906
42.600000 0.7971575 0.0066219 0.7092576 -0.0020052 0.3861785 0.0054406 0.9224058
42.866000 0.8018574 0.0072123 0.7139174 -0.0007216 0.3889191 0.0034454 0.9212652
43.000000 0.8040738 0.0075279 0.7163322 -0.0002550 0.3902334 0.0021135 0.9207135
43.566000 0.8166631 0.0076136 0.7269794 -0.0003991 0.3910443 0.0023956 0.9203687
45.233000 0.8309980 0.0087601 0.7384756 0.0012907 0.4083474 0.0004696 0.9128256
46.133000 0.8386568 0.0094084 0.7432811 0.0026341 0.4259019 -0.0013675 0.9047645
47.033000 0.8449052 0.0094815 0.7474802 0.0028870 0.4402158 -0.0034803 0.8978806
47.866000 0.8508316 0.0096729 0.7511599 0.0042395 0.4468270 -0.0041949 0.8946005
48.266000 0.8536232 0.0108161 0.7532489 0.0070677 0.4476469 -0.0068694 0.8941560
48.366000 0.8542521 0.0111182 0.7538837 0.0077316 0.4481936 -0.0077914 0.8938691
48.666000 0.8559884 0.0120559 0.7560410 0.0094068 0.4506094 -0.0098807 0.8926169
49.333000 0.8621857 0.0133296 0.7570445 0.0146908 0.4454415 -0.0084282 0.8951508
49.966000 0.8645975 0.0140960 0.7583063 0.0199417 0.4478802 -0.0100416 0.8938148
50.566000 0.8650110 0.0142839 0.7587026 0.0245917 0.4513539 -0.0131604 0.8919090
51.266000 0.8652105 0.0143685 0.7588882 0.0271095 0.4619256 -0.0147150 0.8863821
51.400000 0.8652274 0.0143794 0.7589031 0.0265076 0.4701777 -0.0168002 0.8820136
51.766000 0.8653812 0.0144285 0.7589924 0.0256080 0.5029042 -0.0198704 0.8637342
51.900000 0.8654403 0.0144477 0.7590209 0.0250564 0.5141419 -0.0218464 0.8570607
51.966000 0.8654754 0.0144563 0.7590367 0.0250166 0.5190293 -0.0217643 0.8541130
52.033000 0.8654524 0.0144515 0.7590287 0.0249541 0.5243672 -0.0223754 0.8508323
