9.400000 0.0000000 0.0000000 0.0000000 0.0000000 0.0000000 0.0000000 1.0000000
10.466000 -0.0400231 0.0331720 0.0777432 -0.0016045 0.0028476 -0.0026316 0.9999912
10.500000 -0.0415833 0.0337679 0.0801445 -0.0017889 0.0029587 -0.0027603 0.9999902
10.900000 -0.0583425 0.0509601 0.1098615 -0.0013164 0.0028310 -0.0031015 0.9999903
11.133000 -0.0650687 0.0589512 0.1262455 -0.0011406 0.0032174 -0.0020762 0.9999920
11.600000 -0.0785414 0.0711064 0.1582951 -0.0022627 0.0059488 -0.0019899 0.9999778
13.299000 -0.1406657 0.1283491 0.2836154 -0.0044398 0.0100843 -0.0050811 0.9999264
13.766000 -0.1534579 0.1444820 0.3165101 -0.0052852 0.0119369 -0.0042128 0.9999059
13.900000 -0.1576643 0.1484364 0.3260429 -0.0055376 0.0127971 -0.0047722 0.9998914
21.833000 -0.1662955 0.1939262 0.5502619 -0.0436938 0.0730874 -0.0095257 0.9963224
22.133000 -0.1399184 0.1934530 0.5439556 -0.0426397 0.0780773 -0.0102996 0.9959818
22.233000 -0.1285581 0.1946021 0.5431911 -0.0426110 0.0800517 -0.0110101 0.9958187
22.333000 -0.1144741 0.1947984 0.5406471 -0.0421958 0.0826900 -0.0115536 0.9956146
22.433000 -0.1010648 0.1955682 0.5393904 -0.0422760 0.0858801 -0.0124742 0.9953300
22.566000 -0.0773992 0.1938607 0.5340858 -0.0421999 0.0897775 -0.0139097 0.9949702
22.700000 -0.0540852 0.1931079 0.5290222 -0.0426005 0.0969196 -0.0161433 0.9942490
22.966000 -0.0116523 0.1919396 0.5209521 -0.0428421 0.1055362 -0.0185936 0.9933181
23.133000 0.0114135 0.1907806 0.5161225 -0.0431284 0.1108425 -0.0200360 0.9926996
23.266000 0.0318888 0.1902145 0.5113956 -0.0429422 0.1147210 -0.0207677 0.9922519
23.400000 0.0505130 0.1880993 0.5054260 -0.0428397 0.1187261 -0.0219925 0.9917586
23.500000 0.0544165 0.1860274 0.5029777 -0.0424976 0.1195341 -0.0220544 0.9916749
23.700000 0.0728481 0.1824771 0.4961674 -0.0439522 0.1270756 -0.0263767 0.9905676
23.833000 0.1210525 0.1739801 0.4785137 -0.0451955 0.1393012 -0.0322736 0.9886916
23.933000 0.1554225 0.1672724 0.4649204 -0.0460073 0.1480454 -0.0364589 0.9872369
24.033000 0.1905861 0.1608584 0.4500391 -0.0464563 0.1571240 -0.0413440 0.9856189
24.466000 0.2849880 0.1435322 0.4068745 -0.0467043 0.1799671 -0.0532714 0.9811181
24.600000 0.3118637 0.1370888 0.3923169 -0.0467522 0.1872959 -0.0566292 0.9795548
24.733000 0.3231962 0.1365895 0.3882832 -0.0456908 0.1887148 -0.0574739 0.9792833
24.866000 0.3230371 0.1379952 0.3902075 -0.0451688 0.1875990 -0.0572789 0.9795333
25.266000 0.3337952 0.1402946 0.3905079 -0.0440491 0.1924819 -0.0572541 0.9786380
25.666000 0.3432661 0.1452571 0.3948085 -0.0432117 0.1974450 -0.0589463 0.9775856
26.766000 0.3423292 0.1658896 0.4193050 -0.0390812 0.2079759 -0.0606680 0.9754682
26.900000 0.3424354 0.1697289 0.4230239 -0.0389586 0.2079926 -0.0610148 0.9754478
27.700000 0.3451748 0.1806996 0.4372152 -0.0366298 0.2205543 -0.0595773 0.9728641
29.766000 0.3472514 0.2175251 0.4886728 -0.0309624 0.2342825 -0.0597408 0.9698371
30.566000 0.3484985 0.2296838 0.5062578 -0.0297186 0.2460206 -0.0598484 0.9669585
30.766000 0.3491563 0.2332777 0.5114005 -0.0297368 0.2478676 -0.0603729 0.9664536
31.300000 0.3499158 0.2434935 0.5263218 -0.0294875 0.2505701 -0.0606286 0.9657481
32.533000 0.3533427 0.2642151 0.5579949 -0.0254503 0.2566123 -0.0563866 0.9645325
34.266000 0.3557361 0.2855491 0.5940630 -0.0239759 0.2688510 -0.0604330 0.9609849
34.533000 0.3556207 0.2856048 0.5942530 -0.0241805 0.2689056 -0.0607324 0.9609457
35.333000 0.3530197 0.2481338 0.5751438 -0.0419089 0.3121010 -0.0964299 0.9442129
35.433000 0.3563672 0.2435521 0.5710284 -0.0447021 0.3184644 -0.1014033 0.9414348
35.500000 0.3616591 0.2409519 0.5671200 -0.0467553 0.3242644 -0.1057619 0.9388722
35.566000 0.3629271 0.2324611 0.5606906 -0.0500610 0.3343177 -0.1140311 0.9341962
35.633000 0.3627112 0.2219852 0.5537732 -0.0535486 0.3437388 -0.1241928 0.9292752
35.766000 0.3586243 0.1752411 0.5347463 -0.0727021 0.3734373 -0.1435727 0.9135895
35.833000 0.3460969 0.1364681 0.5257539 -0.0877684 0.3929879 -0.1629742 0.9007201
35.900000 0.3395728 0.0940059 0.5145351 -0.1025842 0.4078052 -0.1742093 0.8904058
35.966000 0.3318360 0.0525517 0.5075040 -0.1173149 0.4208214 -0.1847429 0.8803503
36.033000 0.3139502 0.0272281 0.4919679 -0.1197310 0.4361005 -0.1967761 0.8699195
36.100000 0.2886366 0.0012142 0.4769060 -0.1220596 0.4534254 -0.2115282 0.8571830
36.233000 0.2380781 -0.0563689 0.4473754 -0.1277670 0.4833647 -0.2368650 0.8330241
36.266000 0.2218600 -0.0700954 0.4417792 -0.1288459 0.4921314 -0.2429098 0.8259541
36.366000 0.1704708 -0.1060811 0.4318798 -0.1325987 0.5158222 -0.2640148 0.8041401
36.433000 0.1277096 -0.1311520 0.4195203 -0.1319667 0.5337393 -0.2754358 0.7885698
36.500000 0.0966597 -0.1665616 0.4006673 -0.1304189 0.5554359 -0.2733524 0.7744420
36.700000 0.0026061 -0.2685290 0.3475811 -0.1304460 0.6149119 -0.2681832 0.7300308
36.766000 -0.0412443 -0.2917581 0.3315667 -0.1288421 0.6362640 -0.2673642 0.7120985
36.866000 -0.0977092 -0.3421609 0.3019378 -0.1301197 0.6618224 -0.2644934 0.6892774
37.066000 -0.1430453 -0.4721725 0.1636386 -0.1352669 0.6780957 -0.2696036 0.6702261
37.133000 -0.1595828 -0.5072603 0.1236486 -0.1361625 0.6822358 -0.2714895 0.6650621
37.233000 -0.1753868 -0.5507624 0.0639780 -0.1366604 0.6862978 -0.2749461 0.6593360
37.566000 -0.1751381 -0.5670722 0.0370553 -0.1358074 0.6845667 -0.2761390 0.6608116
38.000000 -0.1700587 -0.5570739 0.0235383 -0.1343961 0.6867831 -0.2788189 0.6576675
38.833000 -0.1667413 -0.5974570 -0.0499349 -0.1313943 0.6888711 -0.2857807 0.6530862
39.500000 -0.1637865 -0.6033599 -0.0567378 -0.1274060 0.6918091 -0.2883032 0.6496531
39.900000 -0.1603472 -0.6019869 -0.0560270 -0.1268740 0.6904050 -0.2870531 0.6518009
40.600000 -0.1554032 -0.6000878 -0.0551572 -0.1279250 0.6908877 -0.2871474 0.6510420
41.400000 -0.1501066 -0.5980210 -0.0544364 -0.1299386 0.6941280 -0.2880665 0.6467766
42.066000 -0.1461286 -0.5964634 -0.0540599 -0.1281211 0.6962628 -0.2901761 0.6438952
42.733000 -0.1415672 -0.5948173 -0.0532942 -0.1286094 0.6971181 -0.2909065 0.6425414
44.500000 -0.1305538 -0.5905961 -0.0523198 -0.1256389 0.6990261 -0.2920636 0.6405281
46.066000 -0.1246778 -0.5885489 -0.0516094 -0.1263819 0.7042363 -0.2947583 0.6334006
46.233000 -0.1247460 -0.5885457 -0.0516875 -0.1262263 0.7054789 -0.2952784 0.6318046
46.566000 -0.1262175 -0.5883710 -0.0536427 -0.1209637 0.7204815 -0.3052801 0.6108014
46.700000 -0.1269587 -0.5883457 -0.0545544 -0.1189561 0.7284231 -0.3102493 0.5991616
46.833000 -0.1284606 -0.5891658 -0.0567745 -0.1139288 0.7441674 -0.3079450 0.5817257
47.000000 -0.1314682 -0.5918923 -0.0584353 -0.1189440 0.7584688 -0.3155223 0.5576944
47.066000 -0.1324311 -0.5930176 -0.0596720 -0.1199505 0.7622253 -0.3179660 0.5509284
47.133000 -0.1336426 -0.5941419 -0.0606266 -0.1214078 0.7659838 -0.3219142 0.5430472
47.266000 -0.1360591 -0.5964913 -0.0632380 -0.1223523 0.7719628 -0.3266579 0.5314113
47.300000 -0.1366186 -0.5970091 -0.0636629 -0.1235391 0.7740279 -0.3287081 0.5268489
47.333000 -0.1371915 -0.5977054 -0.0646195 -0.1233195 0.7752664 -0.3291108 0.5248241
47.866000 -0.1454545 -0.6057446 -0.0730509 -0.1270051 0.7972314 -0.3409702 0.4816960
47.933000 -0.1464063 -0.6064878 -0.0740413 -0.1266937 0.7989012 -0.3426817 0.4777812
48.066000 -0.1484143 -0.6081675 -0.0757340 -0.1273439 0.8025474 -0.3451819 0.4696282
48.133000 -0.1494596 -0.6090209 -0.0766415 -0.1273214 0.8039195 -0.3463050 0.4664500
48.266000 -0.1514837 -0.6105710 -0.0781705 -0.1272696 0.8068659 -0.3485340 0.4596673
48.400000 -0.1535303 -0.6118836 -0.0795159 -0.1266340 0.8091333 -0.3508488 0.4540620
48.600000 -0.1549507 -0.6135064 -0.0815899 -0.1273842 0.8142362 -0.3535513 0.4424864
48.666000 -0.1557478 -0.6142098 -0.0823247 -0.1278267 0.8156541 -0.3545653 0.4389216
48.966000 -0.1571292 -0.6153843 -0.0834784 -0.1278988 0.8166553 -0.3571545 0.4349214
49.066000 -0.1570669 -0.6152756 -0.0837454 -0.1268760 0.8158004 -0.3583091 0.4358747
51.466000 -0.1558772 -0.6156372 -0.0852693 -0.1042583 0.8451734 -0.3626746 0.3785225
51.866000 -0.1553379 -0.6153511 -0.0854475 -0.1005555 0.8463503 -0.3661013 0.3735634
52.066000 -0.1549263 -0.6150945 -0.0855513 -0.0979265 0.8469024 -0.3674923 0.3716397
52.666000 -0.1536865 -0.6145095 -0.0858321 -0.0936375 0.8475319 -0.3721974 0.3665937
54.166000 -0.1517925 -0.6146260 -0.0866640 -0.0917866 0.8490454 -0.3728870 0.3628394
54.266000 -0.1516288 -0.6146160 -0.0867212 -0.0920309 0.8490230 -0.3733132 0.3623913
54.466000 -0.1513205 -0.6146260 -0.0868448 -0.0925284 0.8488376 -0.3731234 0.3628941
54.866000 -0.1507169 -0.6146471 -0.0871222 -0.0934632 0.8490394 -0.3718935 0.3634447
54.933000 -0.1506168 -0.6146106 -0.0871443 -0.0933630 0.8489391 -0.3728867 0.3626862
55.733000 -0.1497473 -0.6147575 -0.0876106 -0.0891922 0.8534362 -0.3701258 0.3559470
56.066000 -0.1492795 -0.6148164 -0.0878284 -0.0880783 0.8552458 -0.3687731 0.3532750
56.166000 -0.1491480 -0.6148167 -0.0878881 -0.0881193 0.8555266 -0.3689334 0.3524165
56.466000 -0.1487609 -0.6148337 -0.0880780 -0.0870939 0.8562578 -0.3688852 0.3509430
56.866000 -0.1481774 -0.6148384 -0.0883741 -0.0870751 0.8567401 -0.3688318 0.3498248
57.266000 -0.1476048 -0.6148584 -0.0886409 -0.0875428 0.8575592 -0.3680119 0.3485624
58.000000 -0.1466089 -0.6149192 -0.0891456 -0.0871468 0.8599573 -0.3666288 0.3441835
58.300000 -0.1462862 -0.6149895 -0.0893057 -0.0855798 0.8614925 -0.3662254 0.3411535
58.600000 -0.1459274 -0.6150398 -0.0894767 -0.0847945 0.8631193 -0.3658273 0.3376468
58.699000 -0.1458223 -0.6150371 -0.0895427 -0.0838104 0.8631480 -0.3665544 0.3370300
59.133000 -0.1452874 -0.6151119 -0.0897792 -0.0835292 0.8643907 -0.3666878 0.3337539
59.233000 -0.1451595 -0.6151143 -0.0898468 -0.0831225 0.8645209 -0.3670280 0.3331438
59.933000 -0.1442105 -0.6151454 -0.0903598 -0.0828816 0.8650333 -0.3676467 0.3311855
60.833000 -0.1430590 -0.6152145 -0.0910268 -0.0798634 0.8650700 -0.3673109 0.3322025
61.133000 -0.1426049 -0.6151688 -0.0913460 -0.0788456 0.8640594 -0.3679818 0.3343262
61.233000 -0.1424238 -0.6151256 -0.0914682 -0.0786464 0.8636382 -0.3687741 0.3345886
62.033000 -0.1411757 -0.6151003 -0.0920456 -0.0804598 0.8605018 -0.3695749 0.3412877
62.733000 -0.1400593 -0.6148908 -0.0926713 -0.0763065 0.8587134 -0.3731864 0.3428127
62.833000 -0.1399373 -0.6149725 -0.0927022 -0.0773159 0.8592875 -0.3721468 0.3422777
63.366000 -0.1394716 -0.6153007 -0.0929219 -0.0771307 0.8633149 -0.3690861 0.3354307
64.166000 -0.1382253 -0.6152264 -0.0935321 -0.0775907 0.8637459 -0.3702677 0.3329031
64.266000 -0.1381288 -0.6152326 -0.0936107 -0.0777017 0.8636042 -0.3702692 0.3332430
66.266000 -0.1350831 -0.6154522 -0.0949056 -0.0839681 0.8678935 -0.3701341 0.3204855
66.466000 -0.1349125 -0.6153756 -0.0951188 -0.0811228 0.8668963 -0.3721023 0.3216359
66.566000 -0.1348743 -0.6153566 -0.0951842 -0.0804076 0.8660507 -0.3734430 0.3225387
67.866000 -0.1342582 -0.6150352 -0.0965973 -0.0520632 0.8572935 -0.3852884 0.3374760
67.966000 -0.1343204 -0.6150663 -0.0965166 -0.0497546 0.8574736 -0.3858648 0.3367074
68.066000 -0.1342847 -0.6150500 -0.0965696 -0.0480492 0.8573802 -0.3867821 0.3361401
68.266000 -0.1342165 -0.6150138 -0.0966839 -0.0448890 0.8586570 -0.3867724 0.3333172
68.366000 -0.1341890 -0.6150069 -0.0966913 -0.0449746 0.8592530 -0.3862270 0.3324008
68.433000 -0.1341685 -0.6150128 -0.0965700 -0.0465569 0.8602028 -0.3863850 0.3295302
