8.133000 0.0000000 0.0000000 0.0000000 0.0000000 0.0000000 0.0000000 1.0000000
9.366000 0.0291841 -0.0243605 0.0968519 0.0028662 0.0129050 0.0041986 0.9999038
9.400000 0.0303630 -0.0249830 0.0991865 0.0031799 0.0132596 0.0042905 0.9998978
9.833000 0.0404947 -0.0328116 0.1324055 0.0046925 0.0189651 0.0049581 0.9997968
9.966000 0.0436866 -0.0348684 0.1416118 0.0047479 0.0203317 0.0048779 0.9997701
10.700000 0.0525737 -0.0519246 0.1973945 0.0025362 0.0186333 0.0040278 0.9998150
11.033000 0.0583792 -0.0589952 0.2218310 0.0027914 0.0182957 0.0047521 0.9998174
11.600000 0.0709074 -0.0702930 0.2623602 0.0042261 0.0225297 0.0065057 0.9997161
12.333000 0.0876546 -0.0857229 0.3160526 0.0053186 0.0282299 0.0076812 0.9995578
12.866000 0.0955337 -0.0963959 0.3553904 0.0047269 0.0283880 0.0066618 0.9995636
13.299000 0.1024838 -0.1040279 0.3867941 0.0047215 0.0292655 0.0063211 0.9995405
13.533000 0.1079056 -0.1086583 0.4027005 0.0049572 0.0303408 0.0072482 0.9995010
13.700000 0.1115156 -0.1119430 0.4143568 0.0048430 0.0309111 0.0075950 0.9994816
16.466000 0.1588675 -0.1446513 0.5183014 0.0077764 0.0466473 0.0123034 0.9988054
17.466000 0.1809644 -0.1514150 0.5435135 0.0082702 0.0557261 0.0142215 0.9983106
17.600000 0.1852831 -0.1519303 0.5459482 0.0085545 0.0569185 0.0144193 0.9982380
18.500000 0.2095970 -0.1578699 0.5739377 0.0092692 0.0685417 0.0154828 0.9974850
18.733000 0.2160619 -0.1585736 0.5789555 0.0102449 0.0709066 0.0156705 0.9973072
19.133000 0.2276012 -0.1604519 0.5878856 0.0107586 0.0749486 0.0160890 0.9969996
20.000000 0.2522583 -0.1662989 0.6077253 0.0107363 0.0823037 0.0167380 0.9964089
21.166000 0.2848712 -0.1748255 0.6321458 0.0113659 0.0902806 0.0181054 0.9956869
21.300000 0.2881756 -0.1747233 0.6344143 0.0122771 0.0911295 0.0180812 0.9955992
21.800000 0.3020145 -0.1743514 0.6364560 0.0133502 0.0938875 0.0193325 0.9953055
22.100000 0.3351390 -0.1724239 0.6311665 0.0145736 0.0986587 0.0205087 0.9948032
22.266000 0.3640693 -0.1719078 0.6284333 0.0147203 0.1010829 0.0218337 0.9945294
22.600000 0.4412059 -0.1693726 0.6170557 0.0152833 0.1099258 0.0248293 0.9935121
22.966000 0.5315348 -0.1668388 0.6006578 0.0152622 0.1243500 0.0287824 0.9917035
23.133000 0.5672153 -0.1655299 0.5932065 0.0157130 0.1289353 0.0305931 0.9910564
23.333000 0.6111994 -0.1637349 0.5831985 0.0162227 0.1351918 0.0323573 0.9901581
23.533000 0.6349009 -0.1623930 0.5747606 0.0181820 0.1370396 0.0344092 0.9898008
23.700000 0.6652577 -0.1593845 0.5678492 0.0174410 0.1421376 0.0340379 0.9891077
23.900000 0.7846068 -0.1506623 0.5305514 0.0182436 0.1564346 0.0395712 0.9867266
24.000000 0.8483116 -0.1461239 0.5097544 0.0180313 0.1628178 0.0418772 0.9856021
24.266000 0.9668713 -0.1357023 0.4671751 0.0178396 0.1785787 0.0470229 0.9826394
24.400000 1.0125638 -0.1310136 0.4505523 0.0183002 0.1835398 0.0487200 0.9816337
24.500000 1.0445999 -0.1269865 0.4375467 0.0191352 0.1881676 0.0497613 0.9806888
24.800000 1.1021928 -0.1221511 0.4167089 0.0200073 0.1936632 0.0524497 0.9794607
25.133000 1.1176730 -0.1165418 0.4222460 0.0271564 0.1966919 0.0526726 0.9786728
25.266000 1.1275985 -0.1145438 0.4243361 0.0304304 0.1990260 0.0532964 0.9780706
25.400000 1.1354723 -0.1136254 0.4258923 0.0323569 0.2025668 0.0533441 0.9772789
26.233000 1.1668550 -0.1203009 0.4364737 0.0294762 0.2140594 0.0557689 0.9747818
26.366000 1.1691136 -0.1212684 0.4390698 0.0295625 0.2146657 0.0552804 0.9746737
26.866000 1.1781980 -0.1251612 0.4525359 0.0287689 0.2195780 0.0548730 0.9736256
29.533000 1.2319810 -0.1433747 0.5098165 0.0341798 0.2585097 0.0651141 0.9632054
29.800000 1.2376916 -0.1447763 0.5148343 0.0338340 0.2621651 0.0661422 0.9621590
29.933000 1.2407200 -0.1458611 0.5174356 0.0340918 0.2633885 0.0669463 0.9617600
30.599000 1.2590082 -0.1503754 0.5279524 0.0328071 0.2737090 0.0700848 0.9586945
31.800000 1.2812557 -0.1577117 0.5517853 0.0313106 0.2849985 0.0749443 0.9550805
32.066000 1.2860889 -0.1596903 0.5571245 0.0317406 0.2863514 0.0761998 0.9545622
32.466000 1.2940741 -0.1618743 0.5645917 0.0343165 0.2886344 0.0787702 0.9535763
33.533000 1.3158123 -0.1683377 0.5838029 0.0345716 0.3028970 0.0820474 0.9488553
34.466000 1.3246795 -0.1701056 0.5896931 0.0325972 0.3083424 0.0848656 0.9469215
34.733000 1.3252567 -0.1699741 0.5896339 0.0323198 0.3100859 0.0848930 0.9463590
34.866000 1.3296722 -0.1693328 0.5871273 0.0299683 0.3211166 0.0835247 0.9428731
35.000000 1.3342377 -0.1687718 0.5845712 0.0274962 0.3300924 0.0824335 0.9399403
35.166000 1.3444668 -0.1668720 0.5779710 0.0260066 0.3381966 0.0816333 0.9371673
35.333000 1.3570189 -0.1651952 0.5687855 0.0234500 0.3453591 0.0822819 0.9345624
35.500000 1.3686453 -0.1648097 0.5550904 0.0170253 0.3701719 0.0774024 0.9255764
35.633000 1.3685730 -0.1730796 0.5293390 0.0033335 0.4208538 0.0607179 0.9050880
35.733000 1.3516577 -0.1898485 0.4972781 -0.0107132 0.4794343 0.0393034 0.8766317
