13.700000 0.0000000 0.0000000 0.0000000 0.0000000 0.0000000 0.0000000 1.0000000
14.366000 0.0042088 -0.0081643 0.0757530 0.0007230 0.0029380 0.0010729 0.9999949
14.400000 0.0047198 -0.0086275 0.0792344 0.0008753 0.0030375 0.0011164 0.9999944
14.500000 0.0052179 -0.0100348 0.0895201 0.0011167 0.0032453 0.0013926 0.9999931
15.933000 0.0085631 -0.0157870 0.1366510 0.0012767 0.0064248 0.0016647 0.9999772
16.833000 0.0113711 -0.0195672 0.1705335 0.0014031 0.0114765 0.0010312 0.9999326
22.600000 0.0609809 -0.0391169 0.3620752 0.0029062 0.1046857 0.0129439 0.9944169
22.833000 0.0709736 -0.0396193 0.3645608 0.0030488 0.1266557 0.0154389 0.9918219
22.933000 0.0753221 -0.0398140 0.3649658 0.0032545 0.1347043 0.0161497 0.9907489
23.166000 0.0826093 -0.0404997 0.3660544 0.0032304 0.1537680 0.0178608 0.9879403
23.500000 0.0891793 -0.0412245 0.3637292 0.0037258 0.1753634 0.0204266 0.9842848
23.566000 0.0914960 -0.0401323 0.3618073 0.0043987 0.1776191 0.0205163 0.9838756
23.700000 0.0957148 -0.0403320 0.3633795 0.0037897 0.1873319 0.0210060 0.9820647
23.766000 0.1038925 -0.0392661 0.3583572 0.0047275 0.1986994 0.0234702 0.9797680
23.833000 0.1097193 -0.0387777 0.3540654 0.0051030 0.2141312 0.0258411 0.9764497
23.933000 0.1156367 -0.0380542 0.3511142 0.0054827 0.2364562 0.0277156 0.9712313
24.000000 0.1193206 -0.0386491 0.3475538 0.0049825 0.2525503 0.0289796 0.9671369
24.266000 0.1332936 -0.0375218 0.3373034 0.0059217 0.2954495 0.0352957 0.9546878
24.400000 0.1379105 -0.0367753 0.3344242 0.0062619 0.3121360 0.0370215 0.9492952
24.500000 0.1394045 -0.0371217 0.3301581 0.0062109 0.3245157 0.0382524 0.9450861
24.800000 0.1460240 -0.0383524 0.3248612 0.0065069 0.3444240 0.0410879 0.9378921
24.900000 0.1476033 -0.0390602 0.3266637 0.0059504 0.3440582 0.0403516 0.9380620
25.200000 0.1634311 -0.0397654 0.3400761 0.0070364 0.3505714 0.0419336 0.9355703
25.300000 0.1702796 -0.0402588 0.3454804 0.0071716 0.3526850 0.0424159 0.9347528
25.500000 0.1832309 -0.0420587 0.3568381 0.0070608 0.3569338 0.0428351 0.9331203
26.433000 0.2399991 -0.0500447 0.4125441 0.0054264 0.3654336 0.0409829 0.9299189
27.099000 0.2857396 -0.0550794 0.4571459 0.0057834 0.3670171 0.0408679 0.9292980
27.366000 0.3032517 -0.0565238 0.4732150 0.0059487 0.3695946 0.0415408 0.9282450
28.366000 0.3699675 -0.0647082 0.5317732 0.0072164 0.3780159 0.0438551 0.9247316
28.500000 0.3808807 -0.0655908 0.5424443 0.0072497 0.3782752 0.0434063 0.9246466
28.866000 0.4033746 -0.0684204 0.5639665 0.0069885 0.3781246 0.0425758 0.9247488
29.400000 0.4376812 -0.0715458 0.5970838 0.0068159 0.3784845 0.0416548 0.9246448
29.800000 0.4621486 -0.0752969 0.6198543 0.0060186 0.3802291 0.0414883 0.9239417
29.933000 0.4717508 -0.0749390 0.6283325 0.0072947 0.3805421 0.0423962 0.9237624
30.766000 0.5294441 -0.0801452 0.6772376 0.0076603 0.3867228 0.0429224 0.9211648
31.300000 0.5658759 -0.0838986 0.7107739 0.0068247 0.3878323 0.0433989 0.9206824
31.900000 0.6047260 -0.0878502 0.7454138 0.0074823 0.3884692 0.0444424 0.9203590
32.166000 0.6221383 -0.0893782 0.7607149 0.0079830 0.3886229 0.0449599 0.9202647
32.433000 0.6404252 -0.0913667 0.7760276 0.0089424 0.3886300 0.0463792 0.9201825
33.266000 0.6994582 -0.0967123 0.8268267 0.0101988 0.3927262 0.0476545 0.9183633
34.666000 0.7433142 -0.1008596 0.8646665 0.0094784 0.3957348 0.0489001 0.9170130
34.800000 0.7460975 -0.0998573 0.8653422 0.0099160 0.3993380 0.0490226 0.9154385
34.933000 0.7482910 -0.0997651 0.8647029 0.0098119 0.4057336 0.0499538 0.9125725
35.266000 0.7569557 -0.0981365 0.8643852 0.0102387 0.4286992 0.0522031 0.9018797
35.433000 0.7614360 -0.0974698 0.8628244 0.0101290 0.4434693 0.0540013 0.8946040
35.600000 0.7605401 -0.0974586 0.8640093 0.0089688 0.4773540 0.0543198 0.8769847
35.733000 0.7854730 -0.0865293 0.8780380 0.0107814 0.5040773 0.0536947 0.8619204
35.866000 0.7820906 -0.0908510 0.8556855 0.0093803 0.5275097 0.0580652 0.8475104
36.000000 0.7806205 -0.0906122 0.8498638 0.0095837 0.5514564 0.0609102 0.8319218
36.200000 0.7862471 -0.0900350 0.8550268 0.0086202 0.5875863 0.0629807 0.8066607
36.333000 0.7896153 -0.0889305 0.8383799 0.0095037 0.6036007 0.0665713 0.7944458
36.366000 0.7895772 -0.0878093 0.8394800 0.0073824 0.6094446 0.0630443 0.7902837
36.500000 0.7872980 -0.0862739 0.8378549 -0.0004886 0.6306161 0.0532596 0.7742652
36.533000 0.7875008 -0.0862621 0.8378286 -0.0019773 0.6357071 0.0520037 0.7701741
36.566000 0.7879292 -0.0861788 0.8377661 -0.0029550 0.6407841 0.0509479 0.7660230
36.966000 0.7953338 -0.0844781 0.8425165 -0.0069955 0.7069051 0.0447917 0.7058541
37.066000 0.7952112 -0.0844484 0.8425351 -0.0069870 0.7206977 0.0449227 0.6917571
37.233000 0.7951515 -0.0844319 0.8425348 -0.0072798 0.7389253 0.0448810 0.6722515
37.966000 0.7949268 -0.0844040 0.8425235 -0.0066536 0.7432947 0.0474343 0.6672471
43.500000 0.7957221 -0.0845705 0.8425112 -0.0104062 0.7665938 0.0474737 0.6402906
46.266000 0.7956876 -0.0845622 0.8425063 -0.0088221 0.7743657 0.0508352 0.6306311
46.733000 0.7956806 -0.0845569 0.8425153 -0.0060217 0.7977896 0.0534535 0.6005317
46.766000 0.7956523 -0.0845602 0.8425213 -0.0060456 0.8007271 0.0535510 0.5966002
46.966000 0.7955823 -0.0845497 0.8425359 -0.0065075 0.8222802 0.0522741 0.5666395
47.000000 0.7955915 -0.0845499 0.8425342 -0.0066071 0.8261213 0.0524395 0.5610081
