7.899000 0.0000000 0.0000000 0.0000000 0.0000000 0.0000000 0.0000000 1.0000000
8.800000 -0.0281516 0.0259050 0.0534865 0.0007409 0.0023639 -0.0007069 0.9999967
8.833000 -0.0293732 0.0263571 0.0553714 0.0006859 0.0025778 -0.0009898 0.9999959
9.033000 -0.0346280 0.0286080 0.0667820 -0.0004586 0.0045734 -0.0020752 0.9999873
9.133000 -0.0368964 0.0305103 0.0726023 -0.0008693 0.0057552 -0.0021101 0.9999808
9.566000 -0.0460308 0.0353201 0.0963022 -0.0024235 0.0098306 -0.0026729 0.9999452
10.500000 -0.0771450 0.0651445 0.1563324 -0.0027229 0.0115440 -0.0044518 0.9999198
10.666000 -0.0823363 0.0719735 0.1670946 -0.0024607 0.0115118 -0.0040882 0.9999223
12.333000 -0.1266151 0.1162305 0.2716987 -0.0049048 0.0188559 -0.0036894 0.9998034
12.900000 -0.1468312 0.1357832 0.3098961 -0.0049332 0.0184741 -0.0052727 0.9998032
13.000000 -0.1502976 0.1394564 0.3167371 -0.0050725 0.0183876 -0.0053140 0.9998040
13.433000 -0.1628425 0.1531093 0.3448790 -0.0058775 0.0193415 -0.0057611 0.9997790
13.766000 -0.1706710 0.1628796 0.3658893 -0.0067996 0.0207584 -0.0052579 0.9997476
21.933000 -0.1740973 0.2493468 0.5622994 -0.0172605 0.0689784 -0.0229053 0.9972058
22.233000 -0.1504893 0.2487732 0.5583259 -0.0168814 0.0768207 -0.0266750 0.9965451
22.433000 -0.1291277 0.2479953 0.5549276 -0.0166018 0.0844637 -0.0303761 0.9958251
22.566000 -0.1107663 0.2449973 0.5502662 -0.0167194 0.0896040 -0.0337958 0.9952635
22.833000 -0.0741052 0.2407599 0.5405826 -0.0167065 0.1032600 -0.0397528 0.9937193
22.966000 -0.0571603 0.2383679 0.5357642 -0.0163603 0.1082618 -0.0423092 0.9930869
23.233000 -0.0270448 0.2336034 0.5262510 -0.0160150 0.1192417 -0.0470020 0.9916228
23.366000 -0.0111352 0.2301603 0.5209440 -0.0160830 0.1239908 -0.0497146 0.9909067
23.500000 -0.0037793 0.2281476 0.5168865 -0.0152024 0.1252964 -0.0494429 0.9907700
23.633000 0.0055289 0.2269351 0.5131873 -0.0153917 0.1286530 -0.0508112 0.9902675
23.766000 0.0318693 0.2192605 0.5036430 -0.0175751 0.1394136 -0.0566088 0.9884586
23.866000 0.0642196 0.2121517 0.4900753 -0.0180697 0.1488248 -0.0608105 0.9868266
23.966000 0.0943019 0.2048666 0.4770748 -0.0187116 0.1582463 -0.0659182 0.9850191
24.166000 0.1460198 0.1927745 0.4520251 -0.0183716 0.1738636 -0.0738481 0.9818250
24.366000 0.1798719 0.1847764 0.4353567 -0.0183567 0.1844218 -0.0791107 0.9794862
24.466000 0.1945517 0.1811114 0.4274426 -0.0181430 0.1890683 -0.0813954 0.9784165
24.600000 0.2178638 0.1741808 0.4139072 -0.0181291 0.1962567 -0.0848655 0.9767049
24.933000 0.2274898 0.1749082 0.4110467 -0.0151050 0.1973265 -0.0844665 0.9765754
25.066000 0.2314086 0.1764385 0.4112776 -0.0138253 0.1987258 -0.0845452 0.9763038
25.200000 0.2351889 0.1762255 0.4115394 -0.0144082 0.2007504 -0.0853390 0.9758120
25.800000 0.2463854 0.1820536 0.4175048 -0.0128613 0.2094365 -0.0880304 0.9737667
26.200000 0.2475183 0.1879638 0.4254044 -0.0110738 0.2121620 -0.0887137 0.9731364
26.333000 0.2473770 0.1902020 0.4284937 -0.0109140 0.2128434 -0.0892442 0.9729409
27.666000 0.2498869 0.2094812 0.4537688 -0.0054484 0.2284024 -0.0875500 0.9696069
28.966000 0.2521657 0.2284586 0.4814567 -0.0000803 0.2398281 -0.0870294 0.9669066
29.099000 0.2522837 0.2310494 0.4849807 0.0001737 0.2403521 -0.0873342 0.9667490
29.400000 0.2527412 0.2358443 0.4922680 0.0018375 0.2411674 -0.0867796 0.9665941
30.466000 0.2561812 0.2490744 0.5154806 0.0035426 0.2528526 -0.0867145 0.9636045
30.599000 0.2568049 0.2509649 0.5183621 0.0035107 0.2545409 -0.0872538 0.9631113
31.733000 0.2596894 0.2679357 0.5474762 0.0044732 0.2609723 -0.0888598 0.9612374
32.500000 0.2630196 0.2781674 0.5656425 0.0086889 0.2632923 -0.0848741 0.9609361
34.800000 0.2664791 0.2943513 0.5991594 0.0097087 0.2806082 -0.0927731 0.9552790
35.200000 0.2634838 0.2720917 0.5863001 -0.0017152 0.3096734 -0.1123973 0.9441749
35.300000 0.2625462 0.2662080 0.5825975 -0.0045522 0.3183354 -0.1192232 0.9404402
35.400000 0.2624463 0.2580006 0.5777400 -0.0088401 0.3268408 -0.1250490 0.9367282
35.500000 0.2616173 0.2431645 0.5698366 -0.0167134 0.3430825 -0.1334569 0.9296259
35.566000 0.2565377 0.2264918 0.5613812 -0.0231041 0.3571063 -0.1452357 0.9224142
35.633000 0.2517239 0.2046936 0.5518438 -0.0323371 0.3712330 -0.1544103 0.9150398
35.700000 0.2429183 0.1748469 0.5383461 -0.0426032 0.3901390 -0.1638199 0.9050633
35.766000 0.2309720 0.1563083 0.5314823 -0.0502797 0.4125080 -0.1776013 0.8920577
35.833000 0.2224143 0.1224540 0.5170188 -0.0617715 0.4315278 -0.1852271 0.8807151
35.900000 0.2110719 0.1045619 0.5114846 -0.0692401 0.4504543 -0.1969651 0.8680447
35.966000 0.2030351 0.0729119 0.5001526 -0.0801447 0.4654296 -0.2019739 0.8579969
36.033000 0.1947949 0.0435888 0.4882981 -0.0884750 0.4789669 -0.2061175 0.8486922
36.133000 0.1593480 -0.0031329 0.4796082 -0.1027787 0.5061328 -0.2222813 0.8269565
36.266000 0.1048299 -0.0573396 0.4582236 -0.1114881 0.5366703 -0.2431702 0.8002647
36.300000 0.0911521 -0.0741665 0.4504166 -0.1139948 0.5427632 -0.2480115 0.7942944
36.333000 0.0741209 -0.0886376 0.4473737 -0.1166129 0.5505548 -0.2527168 0.7870356
36.433000 0.0217748 -0.1205843 0.4502645 -0.1216366 0.5810261 -0.2679394 0.7588291
36.466000 0.0050818 -0.1251560 0.4487602 -0.1198097 0.5922422 -0.2712529 0.7492107
36.533000 -0.0249340 -0.1641005 0.4332998 -0.1221232 0.6098995 -0.2677658 0.7358057
36.600000 -0.0612971 -0.1918483 0.4272344 -0.1225542 0.6320518 -0.2662902 0.7173427
36.666000 -0.0918905 -0.2177991 0.4121948 -0.1222311 0.6509358 -0.2640538 0.7011546
36.766000 -0.1389232 -0.2712352 0.3875872 -0.1254864 0.6765035 -0.2570802 0.6786059
36.866000 -0.2002588 -0.3161998 0.3841980 -0.1297728 0.7056080 -0.2541661 0.6485954
36.966000 -0.2550765 -0.3755131 0.3598787 -0.1347071 0.7257119 -0.2493419 0.6269169
37.066000 -0.3199711 -0.4379350 0.3453630 -0.1415344 0.7447457 -0.2441178 0.6047547
37.166000 -0.3718860 -0.4894286 0.3337764 -0.1477740 0.7583715 -0.2426643 0.5866425
37.266000 -0.4144796 -0.5334673 0.3241248 -0.1532515 0.7674396 -0.2428208 0.5732263
37.366000 -0.4226968 -0.5425489 0.3233989 -0.1550218 0.7689472 -0.2435574 0.5704105
37.466000 -0.4235617 -0.5428186 0.3242822 -0.1541197 0.7684721 -0.2438173 0.5711837
38.066000 -0.4142980 -0.5388539 0.3200583 -0.1565745 0.7706442 -0.2447033 0.5671967
38.800000 -0.4415928 -0.5895407 0.2686010 -0.1616156 0.7734976 -0.2491422 0.5599196
40.133000 -0.4392027 -0.5987709 0.2623144 -0.1592330 0.7752034 -0.2512867 0.5572787
41.433000 -0.4304768 -0.6067494 0.2570975 -0.1642485 0.7767825 -0.2508419 0.5538138
41.900000 -0.4317510 -0.6138611 0.2551436 -0.1643673 0.7779339 -0.2511965 0.5519987
45.433000 -0.4016525 -0.6439639 0.2560735 -0.1780149 0.7805015 -0.2503535 0.5444734
45.733000 -0.4058291 -0.6480885 0.2565417 -0.1758815 0.7804190 -0.2500902 0.5454051
46.266000 -0.4157301 -0.6573970 0.2560809 -0.1770431 0.7843516 -0.2516709 0.5386186
46.500000 -0.4559043 -0.6920333 0.2418441 -0.1802670 0.7918277 -0.2558525 0.5244542
46.600000 -0.4778955 -0.7062871 0.2320066 -0.1803149 0.7958105 -0.2584754 0.5170712
46.733000 -0.5081691 -0.7355849 0.2301801 -0.1845088 0.8022869 -0.2635547 0.5028233
46.866000 -0.5605104 -0.7876883 0.2074217 -0.1886190 0.8096914 -0.2694799 0.4860074
47.000000 -0.6158761 -0.8387212 0.1867876 -0.1934932 0.8160176 -0.2780964 0.4683353
47.133000 -0.6717727 -0.8906253 0.1512088 -0.1968997 0.8205638 -0.2859527 0.4540226
47.233000 -0.7244502 -0.9329143 0.1172211 -0.1970878 0.8230266 -0.2910240 0.4461934
47.300000 -0.7566522 -0.9607475 0.1088157 -0.1996525 0.8256992 -0.2955215 0.4370661
47.433000 -0.8296904 -1.0268070 0.0554786 -0.2000502 0.8294203 -0.3003056 0.4264486
47.566000 -0.9040688 -1.0810111 0.0073037 -0.1983178 0.8315867 -0.3063419 0.4186745
47.766000 -0.9870812 -1.1517602 -0.0492626 -0.1983538 0.8355399 -0.3109791 0.4072112
47.900000 -1.0335362 -1.1928295 -0.0785994 -0.1989186 0.8384246 -0.3136036 0.3989091
47.966000 -1.0593129 -1.2148573 -0.0962068 -0.1990695 0.8398680 -0.3149504 0.3947142
48.066000 -1.0993807 -1.2452543 -0.1179071 -0.1987700 0.8416455 -0.3170718 0.3893441
48.266000 -1.1772112 -1.3072927 -0.1570862 -0.1991156 0.8447378 -0.3208382 0.3792545
48.366000 -1.2156773 -1.3366094 -0.1750992 -0.1988530 0.8458188 -0.3221363 0.3758675
48.466000 -1.2516788 -1.3663106 -0.1875183 -0.1993117 0.8472825 -0.3233996 0.3712140
48.600000 -1.2697773 -1.3838753 -0.2187963 -0.1986933 0.8503795 -0.3258252 0.3622343
48.700000 -1.3049546 -1.4115561 -0.2395382 -0.1986939 0.8518670 -0.3278807 0.3568439
48.800000 -1.3285826 -1.4312139 -0.2549285 -0.1985612 0.8523156 -0.3288079 0.3549885
48.900000 -1.3294901 -1.4324712 -0.2533013 -0.1983741 0.8521190 -0.3289849 0.3554009
49.200000 -1.3271675 -1.4325135 -0.2591273 -0.1983630 0.8523818 -0.3307044 0.3531741
49.300000 -1.3283911 -1.4338760 -0.2604817 -0.1979548 0.8530202 -0.3315110 0.3510995
50.566000 -1.3328704 -1.4367560 -0.2997414 -0.1865848 0.8612823 -0.3406394 0.3276335
50.633000 -1.3347518 -1.4368627 -0.3034006 -0.1863143 0.8608513 -0.3420278 0.3274737
52.066000 -1.3010058 -1.4164968 -0.3350247 -0.1697535 0.8690385 -0.3527012 0.3025850
52.133000 -1.2989979 -1.4152205 -0.3370628 -0.1693621 0.8687548 -0.3534927 0.3026953
53.000000 -1.2637693 -1.3894708 -0.3579392 -0.1610398 0.8690814 -0.3622709 0.2958438
54.266000 -1.2275364 -1.3872513 -0.3829896 -0.1586255 0.8699480 -0.3659999 0.2899525
54.433000 -1.2220955 -1.3873219 -0.3861068 -0.1591830 0.8697670 -0.3658563 0.2903710
54.500000 -1.2194426 -1.3868234 -0.3875203 -0.1594590 0.8697323 -0.3661402 0.2899654
54.699000 -1.2126656 -1.3868407 -0.3921505 -0.1599320 0.8700760 -0.3651782 0.2898868
54.833000 -1.2087255 -1.3865075 -0.3956374 -0.1596997 0.8700691 -0.3648809 0.2904096
55.166000 -1.1982923 -1.3863392 -0.4031925 -0.1600064 0.8704529 -0.3641925 0.2899543
55.266000 -1.1956332 -1.3865851 -0.4055057 -0.1595521 0.8707939 -0.3636922 0.2898087
55.733000 -1.1864668 -1.3887342 -0.4136863 -0.1553148 0.8737882 -0.3631208 0.2837512
55.833000 -1.1825331 -1.3891006 -0.4154337 -0.1555422 0.8744807 -0.3627885 0.2819125
56.100000 -1.1753666 -1.3893707 -0.4218983 -0.1539680 0.8754034 -0.3622884 0.2805527
56.233000 -1.1720438 -1.3897018 -0.4243667 -0.1532409 0.8756782 -0.3623164 0.2800568
56.633000 -1.1601745 -1.3900199 -0.4328851 -0.1528960 0.8767446 -0.3618334 0.2775218
56.766000 -1.1557256 -1.3904928 -0.4350696 -0.1536525 0.8768903 -0.3616533 0.2768776
57.033000 -1.1473688 -1.3898888 -0.4418079 -0.1535215 0.8771546 -0.3615661 0.2762263
57.166000 -1.1433315 -1.3898042 -0.4447637 -0.1534647 0.8773461 -0.3614076 0.2758569
57.300000 -1.1386846 -1.3898816 -0.4474185 -0.1543772 0.8777203 -0.3609485 0.2747561
57.699000 -1.1282626 -1.3902965 -0.4562347 -0.1534647 0.8785113 -0.3604031 0.2734524
58.133000 -1.1147192 -1.3917452 -0.4661098 -0.1533601 0.8804106 -0.3587784 0.2695104
58.533000 -1.1044804 -1.3923532 -0.4741566 -0.1516572 0.8819922 -0.3591896 0.2647125
58.699000 -1.1008564 -1.3929338 -0.4771262 -0.1505174 0.8822924 -0.3597733 0.2635673
58.866000 -1.0964048 -1.3934119 -0.4801911 -0.1502604 0.8827698 -0.3598708 0.2619778
59.033000 -1.0920259 -1.3937049 -0.4831650 -0.1501311 0.8829442 -0.3603288 0.2608320
59.366000 -1.0828125 -1.3936665 -0.4902486 -0.1494887 0.8833566 -0.3611403 0.2586733
59.533000 -1.0779881 -1.3936026 -0.4934346 -0.1494432 0.8834717 -0.3616662 0.2575694
60.033000 -1.0626458 -1.3939795 -0.5063744 -0.1494297 0.8840665 -0.3608027 0.2567464
60.199000 -1.0578849 -1.3938088 -0.5105700 -0.1489184 0.8841681 -0.3609221 0.2565254
60.533000 -1.0483384 -1.3942811 -0.5183092 -0.1486468 0.8843724 -0.3605500 0.2565019
60.699000 -1.0437620 -1.3939794 -0.5225233 -0.1477640 0.8843646 -0.3607474 0.2567615
60.900000 -1.0392200 -1.3941436 -0.5259981 -0.1467472 0.8842337 -0.3613824 0.2569024
61.233000 -1.0273868 -1.3939438 -0.5356375 -0.1475200 0.8839988 -0.3605565 0.2584243
62.066000 -0.9987004 -1.3915799 -0.5586784 -0.1488652 0.8805811 -0.3614912 0.2678436
62.266000 -0.9916183 -1.3918152 -0.5629318 -0.1496636 0.8802891 -0.3611356 0.2688365
62.433000 -0.9859387 -1.3905653 -0.5677793 -0.1488450 0.8800786 -0.3617370 0.2691714
63.733000 -0.9522728 -1.3996830 -0.5912203 -0.1507021 0.8843759 -0.3574739 0.2595777
64.566000 -0.9242251 -1.3958075 -0.6136850 -0.1520025 0.8838390 -0.3589109 0.2586636
65.000000 -0.9122554 -1.3962020 -0.6242849 -0.1511792 0.8844382 -0.3582782 0.2579744
65.166000 -0.9086090 -1.3977858 -0.6274927 -0.1516895 0.8849156 -0.3571609 0.2575861
65.433000 -0.9001328 -1.3979840 -0.6321914 -0.1535173 0.8850101 -0.3578416 0.2552234
66.100000 -0.8815840 -1.3980778 -0.6466330 -0.1544402 0.8853174 -0.3591754 0.2517028
66.533000 -0.8673379 -1.3976061 -0.6558697 -0.1563012 0.8855127 -0.3599690 0.2487157
66.933000 -0.8562887 -1.3969204 -0.6659892 -0.1559911 0.8855244 -0.3603869 0.2482632
67.200000 -0.8486392 -1.3966662 -0.6718612 -0.1559071 0.8856822 -0.3607614 0.2472069
67.466000 -0.8415980 -1.3971636 -0.6782728 -0.1557310 0.8857658 -0.3608156 0.2469392
68.033000 -0.8253118 -1.3974972 -0.6891956 -0.1563043 0.8868492 -0.3616979 0.2413341
68.200000 -0.8195759 -1.3988585 -0.6911302 -0.1613161 0.8879321 -0.3595001 0.2373045
68.466000 -0.8222203 -1.3989483 -0.6878330 -0.1596307 0.8884214 -0.3605122 0.2350669
68.566000 -0.8216358 -1.3995391 -0.6852121 -0.1625089 0.8888551 -0.3601350 0.2320136
