8.100000 0.0000000 0.0000000 0.0000000 0.0000000 0.0000000 0.0000000 1.0000000
9.433000 0.0050924 -0.0093262 0.0856936 0.0007877 0.0058007 0.0019703 0.9999809
9.466000 0.0051415 -0.0096909 0.0875154 0.0008430 0.0060917 0.0019131 0.9999793
9.800000 0.0066435 -0.0119816 0.1092766 0.0009772 0.0077281 0.0024175 0.9999667
9.866000 0.0067684 -0.0123714 0.1134117 0.0008706 0.0081490 0.0021505 0.9999641
10.133000 0.0076485 -0.0145977 0.1301183 0.0005035 0.0086873 0.0017012 0.9999607
10.433000 0.0081607 -0.0163075 0.1499276 0.0006059 0.0078130 0.0007037 0.9999691
11.000000 0.0099551 -0.0206670 0.1853672 0.0000372 0.0071795 0.0009587 0.9999738
11.700000 0.0132840 -0.0252655 0.2292332 0.0008298 0.0094323 0.0030282 0.9999506
12.633000 0.0168324 -0.0320875 0.2876341 0.0008653 0.0115233 0.0026991 0.9999296
13.066000 0.0179295 -0.0346112 0.3157516 0.0008792 0.0114328 0.0015232 0.9999331
13.666000 0.0203986 -0.0387013 0.3528487 0.0005488 0.0122413 0.0020009 0.9999229
13.766000 0.0210448 -0.0394169 0.3587973 0.0003951 0.0126412 0.0025709 0.9999167
14.200000 0.0232981 -0.0422492 0.3864363 0.0009817 0.0140605 0.0033096 0.9998952
19.133000 0.0371587 -0.0556522 0.5006356 0.0018394 0.0441105 0.0051964 0.9990115
19.700000 0.0394604 -0.0569350 0.5122164 0.0019675 0.0493112 0.0054089 0.9987669
19.866000 0.0404074 -0.0574444 0.5147429 0.0017547 0.0504583 0.0056264 0.9987088
20.000000 0.0407450 -0.0576991 0.5193342 0.0018442 0.0516171 0.0055017 0.9986501
22.300000 0.0539554 -0.0611134 0.5535927 0.0029934 0.0926153 0.0106266 0.9956408
22.600000 0.0599881 -0.0616448 0.5560142 0.0025231 0.1180264 0.0129814 0.9929224
22.900000 0.0662086 -0.0623056 0.5580860 0.0023241 0.1476059 0.0159289 0.9889153
23.066000 0.0696048 -0.0624441 0.5588053 0.0026258 0.1617713 0.0171108 0.9866765
23.566000 0.0756751 -0.0623213 0.5575045 0.0041035 0.1955668 0.0204759 0.9804680
23.733000 0.0811993 -0.0621149 0.5559475 0.0041466 0.2088911 0.0233473 0.9776514
23.900000 0.0891438 -0.0616920 0.5503592 0.0048190 0.2472089 0.0273231 0.9685649
24.166000 0.0978104 -0.0617949 0.5425522 0.0051299 0.3020281 0.0339770 0.9526795
24.400000 0.1024875 -0.0619562 0.5381065 0.0049944 0.3327638 0.0377294 0.9422419
24.500000 0.1041200 -0.0618161 0.5358060 0.0052073 0.3449859 0.0391886 0.9377750
24.800000 0.1084252 -0.0617321 0.5340209 0.0060672 0.3657945 0.0413675 0.9297560
24.900000 0.1098655 -0.0619844 0.5352214 0.0057784 0.3652155 0.0410247 0.9300007
25.100000 0.1161175 -0.0622077 0.5403320 0.0064412 0.3694303 0.0416710 0.9283013
25.233000 0.1216874 -0.0627659 0.5443857 0.0067577 0.3725532 0.0424493 0.9270148
25.500000 0.1337823 -0.0640975 0.5540402 0.0066966 0.3785051 0.0429619 0.9245774
26.166000 0.1646728 -0.0676857 0.5809191 0.0057362 0.3862697 0.0420423 0.9214094
28.366000 0.2665439 -0.0779236 0.6665140 0.0074558 0.3991461 0.0432103 0.9158382
28.633000 0.2799022 -0.0791186 0.6790249 0.0072547 0.3997549 0.0420910 0.9156264
29.099000 0.3005473 -0.0811876 0.6969230 0.0067305 0.3997710 0.0411162 0.9156677
29.233000 0.3066374 -0.0816863 0.7021327 0.0068620 0.3996777 0.0407004 0.9157260
29.766000 0.3317182 -0.0830725 0.7231523 0.0076152 0.4011314 0.0402445 0.9151044
30.466000 0.3658081 -0.0872180 0.7499844 0.0080537 0.4058243 0.0421574 0.9129428
30.733000 0.3791852 -0.0882667 0.7607151 0.0076164 0.4078034 0.0415573 0.9120917
31.666000 0.4237201 -0.0928643 0.7972693 0.0059273 0.4100888 0.0422566 0.9110469
32.100000 0.4435328 -0.0951829 0.8134860 0.0068477 0.4097518 0.0427481 0.9111691
32.400000 0.4580373 -0.0966270 0.8245186 0.0079870 0.4095461 0.0439294 0.9111962
32.866000 0.4817270 -0.0987834 0.8423857 0.0091547 0.4114612 0.0451131 0.9102641
33.200000 0.4984644 -0.1005153 0.8565347 0.0084040 0.4138691 0.0442262 0.9092226
34.866000 0.5359007 -0.1034267 0.8835883 0.0078609 0.4241804 0.0462830 0.9043601
35.366000 0.5457796 -0.1016718 0.8827574 0.0090617 0.4573727 0.0504423 0.8877971
35.533000 0.5476334 -0.1019662 0.8784810 0.0089714 0.4807423 0.0533314 0.8751926
35.666000 0.5479532 -0.1024612 0.8747838 0.0084345 0.5066269 0.0559235 0.8603085
35.800000 0.5398024 -0.1080089 0.8513168 0.0080073 0.5283870 0.0632617 0.8466056
35.933000 0.5426553 -0.1079566 0.8457632 0.0067728 0.5545393 0.0648529 0.8295990
