13.666000 0.0000000 0.0000000 0.0000000 0.0000000 0.0000000 0.0000000 1.0000000
14.100000 -0.0135201 0.0109330 0.0246685 -0.0001494 0.0044417 -0.0005392 0.9999900
14.133000 -0.0147220 0.0118614 0.0267106 -0.0001396 0.0047022 -0.0005800 0.9999887
14.299000 -0.0196965 0.0148087 0.0360257 -0.0003523 0.0066688 -0.0007591 0.9999774
15.200000 -0.0334292 0.0239285 0.0629789 -0.0011297 0.0117914 -0.0018793 0.9999281
17.766000 -0.0460010 0.0260992 0.1042542 -0.0068729 0.0325531 -0.0081915 0.9994128
19.566000 -0.0417935 0.0268446 0.1520473 -0.0239635 0.0581533 -0.0057176 0.9980037
19.700000 -0.0414794 0.0266723 0.1556714 -0.0254080 0.0601378 -0.0057164 0.9978503
20.200000 -0.0437515 0.0292445 0.1709871 -0.0299742 0.0676357 -0.0063618 0.9972394
20.833000 -0.0417642 0.0275582 0.1879330 -0.0376597 0.0774845 -0.0049291 0.9962698
21.533000 -0.0395821 0.0301760 0.2050340 -0.0444925 0.0871671 -0.0032721 0.9951943
21.833000 -0.0349222 0.0284855 0.2119518 -0.0511239 0.0930144 -0.0019074 0.9943495
22.033000 -0.0217509 0.0237894 0.2203212 -0.0627648 0.1044689 0.0008632 0.9925452
22.166000 -0.0113884 0.0222326 0.2315027 -0.0739399 0.1143969 0.0031558 0.9906747
22.233000 -0.0052426 0.0226947 0.2394048 -0.0814961 0.1203921 0.0045188 0.9893653
22.300000 0.0028413 0.0219936 0.2461573 -0.0888651 0.1264823 0.0061310 0.9879614
22.433000 0.0204708 0.0273353 0.2599744 -0.1026487 0.1370413 0.0115573 0.9851646
22.633000 0.0536778 0.0353226 0.2762261 -0.1239669 0.1534434 0.0192627 0.9801614
22.833000 0.0802611 0.0413028 0.2870341 -0.1419346 0.1695276 0.0227452 0.9749860
22.933000 0.0909198 0.0430150 0.2905818 -0.1492594 0.1769278 0.0230160 0.9725680
23.033000 0.1016429 0.0457634 0.2939974 -0.1561164 0.1827523 0.0240091 0.9703880
23.133000 0.1096300 0.0465069 0.2961164 -0.1620922 0.1893731 0.0230496 0.9681594
23.333000 0.1285787 0.0526787 0.3019315 -0.1752706 0.2007803 0.0236820 0.9635386
23.533000 0.1381974 0.0497453 0.2996854 -0.1788718 0.2062293 0.0223955 0.9617550
23.633000 0.1428859 0.0529586 0.3018158 -0.1838207 0.2097958 0.0216369 0.9600664
23.733000 0.1491511 0.0526782 0.3050431 -0.1926175 0.2183656 0.0133034 0.9565762
23.800000 0.1612648 0.0514636 0.3025607 -0.1984423 0.2269301 0.0063333 0.9534586
23.900000 0.1784237 0.0461880 0.2942055 -0.2039037 0.2390459 -0.0028457 0.9493536
24.033000 0.2001237 0.0386942 0.2817953 -0.2089742 0.2542360 -0.0150806 0.9441750
24.200000 0.2212854 0.0318998 0.2675178 -0.2106134 0.2655711 -0.0247167 0.9404802
24.266000 0.2274864 0.0298035 0.2629628 -0.2107822 0.2692432 -0.0276416 0.9393162
24.433000 0.2421495 0.0245933 0.2524826 -0.2117157 0.2773055 -0.0345776 0.9365268
24.533000 0.2512218 0.0202250 0.2448991 -0.2118229 0.2827231 -0.0384381 0.9347305
24.833000 0.2627414 0.0165130 0.2371367 -0.2111555 0.2876020 -0.0431846 0.9331846
24.900000 0.2625484 0.0176022 0.2373760 -0.2104442 0.2874856 -0.0428403 0.9333970
25.433000 0.2702143 0.0200319 0.2358113 -0.2096720 0.2942684 -0.0466496 0.9312720
26.166000 0.2745123 0.0287590 0.2394444 -0.2077988 0.3024920 -0.0510716 0.9288218
26.566000 0.2743682 0.0344111 0.2433672 -0.2065411 0.3042631 -0.0520052 0.9284720
27.400000 0.2755232 0.0456968 0.2497423 -0.2032567 0.3143443 -0.0536713 0.9257396
27.933000 0.2773763 0.0508627 0.2528034 -0.2014278 0.3237414 -0.0549375 0.9228219
28.099000 0.2779053 0.0527911 0.2538284 -0.2008616 0.3260306 -0.0551995 0.9221235
29.599000 0.2815599 0.0750738 0.2688332 -0.1937617 0.3307463 -0.0564492 0.9218876
29.700000 0.2816468 0.0763391 0.2693298 -0.1929107 0.3328108 -0.0564419 0.9213234
30.433000 0.2840608 0.0858573 0.2752145 -0.1903151 0.3417471 -0.0576228 0.9185144
30.533000 0.2843673 0.0871374 0.2760149 -0.1901759 0.3431033 -0.0584029 0.9179882
31.533000 0.2877989 0.1020807 0.2877173 -0.1905533 0.3482026 -0.0615906 0.9157789
32.166000 0.2898883 0.1108676 0.2946995 -0.1876604 0.3507716 -0.0603013 0.9154816
32.633000 0.2920714 0.1169544 0.2992151 -0.1849703 0.3536051 -0.0590552 0.9150202
33.166000 0.2937518 0.1236073 0.3050368 -0.1838473 0.3584577 -0.0619148 0.9131675
35.333000 0.2949284 0.1111909 0.3100829 -0.2032763 0.3991216 -0.1038672 0.8880272
35.400000 0.2945827 0.1069444 0.3098421 -0.2072225 0.4043776 -0.1090751 0.8841042
35.466000 0.2939492 0.1015114 0.3088517 -0.2108996 0.4115199 -0.1174246 0.8788539
35.600000 0.2942742 0.0774273 0.3055471 -0.2268433 0.4321496 -0.1341864 0.8624284
35.633000 0.2963617 0.0720663 0.3045877 -0.2321286 0.4378931 -0.1339174 0.8581562
35.700000 0.3025196 0.0602555 0.3026441 -0.2451101 0.4510321 -0.1299202 0.8482994
35.766000 0.3256207 0.0514626 0.2976910 -0.2656380 0.4532895 -0.1034569 0.8445482
35.800000 0.3307429 0.0453857 0.2976428 -0.2758879 0.4607029 -0.0990141 0.8377559
35.833000 0.3404787 0.0405525 0.2965893 -0.2880490 0.4654730 -0.0878558 0.8322524
35.866000 0.3415374 0.0361916 0.2964236 -0.2939263 0.4731243 -0.0911195 0.8255047
36.000000 0.3601753 0.0234807 0.2885683 -0.3151080 0.4875535 -0.0774263 0.8105577
36.033000 0.3616617 0.0211960 0.2856188 -0.3156381 0.4895869 -0.0801252 0.8088617
36.300000 0.3753330 0.0024051 0.2610019 -0.3195780 0.5042882 -0.0961187 0.7964450
36.366000 0.3782613 -0.0018864 0.2557648 -0.3206070 0.5077835 -0.0995479 0.7933835
36.433000 0.3812288 -0.0067924 0.2500383 -0.3217625 0.5111559 -0.1032908 0.7902655
36.633000 0.3901063 -0.0224002 0.2328975 -0.3254081 0.5194797 -0.1141187 0.7818103
36.700000 0.3931258 -0.0271040 0.2270668 -0.3263024 0.5229107 -0.1181111 0.7785506
36.900000 0.4014391 -0.0411279 0.2108226 -0.3297411 0.5341262 -0.1294979 0.7676003
37.100000 0.4077559 -0.0565253 0.1956511 -0.3330448 0.5434827 -0.1400806 0.7576840
37.200000 0.4105626 -0.0627623 0.1891681 -0.3341634 0.5465264 -0.1444346 0.7541766
37.300000 0.4123080 -0.0672963 0.1850231 -0.3349932 0.5484372 -0.1474140 0.7518413
37.600000 0.4123210 -0.0659513 0.1852569 -0.3330611 0.5466609 -0.1470937 0.7540528
38.233000 0.4139331 -0.0654032 0.1802435 -0.3291168 0.5495836 -0.1513596 0.7528149
38.333000 0.4143162 -0.0655951 0.1789734 -0.3275758 0.5504240 -0.1521029 0.7527232
38.533000 0.4152995 -0.0664882 0.1772728 -0.3265213 0.5516266 -0.1545697 0.7517979
39.133000 0.4195784 -0.0685072 0.1735933 -0.3241213 0.5495455 -0.1563228 0.7539949
39.533000 0.4199073 -0.0680846 0.1735255 -0.3205832 0.5514292 -0.1573509 0.7539184
39.933000 0.4201887 -0.0677087 0.1736560 -0.3200229 0.5500491 -0.1549229 0.7556654
40.566000 0.4205760 -0.0671499 0.1738376 -0.3207405 0.5498467 -0.1560171 0.7552833
41.033000 0.4208953 -0.0666932 0.1739305 -0.3229321 0.5510377 -0.1570795 0.7532585
41.333000 0.4210819 -0.0664518 0.1739848 -0.3233297 0.5527129 -0.1577972 0.7517090
42.133000 0.4215370 -0.0658046 0.1740913 -0.3205432 0.5559889 -0.1608853 0.7498295
42.666000 0.4218939 -0.0653353 0.1742283 -0.3212378 0.5563943 -0.1619229 0.7490078
43.266000 0.4222907 -0.0647871 0.1743850 -0.3223870 0.5557231 -0.1621067 0.7489725
43.566000 0.4224729 -0.0645327 0.1744304 -0.3211179 0.5561500 -0.1623687 0.7491441
46.133000 0.4236112 -0.0630770 0.1746908 -0.3193249 0.5639354 -0.1671977 0.7430030
46.366000 0.4235668 -0.0631674 0.1746353 -0.3200948 0.5705185 -0.1741287 0.7360212
46.566000 0.4234401 -0.0633528 0.1744417 -0.3185789 0.5828118 -0.1833110 0.7247309
46.666000 0.4233784 -0.0634610 0.1743721 -0.3185527 0.5901732 -0.1891243 0.7172529
46.766000 0.4232865 -0.0636181 0.1742810 -0.3194639 0.5999693 -0.1957534 0.7068665
46.833000 0.4231956 -0.0637700 0.1742142 -0.3210260 0.6091347 -0.2026964 0.6962840
46.966000 0.4229415 -0.0640909 0.1740309 -0.3213022 0.6281367 -0.2134865 0.6757460
47.000000 0.4228805 -0.0641807 0.1739714 -0.3213146 0.6321673 -0.2165042 0.6710047
47.066000 0.4227859 -0.0643401 0.1738936 -0.3222890 0.6390992 -0.2234956 0.6616129
47.133000 0.4226283 -0.0645285 0.1738022 -0.3221456 0.6484842 -0.2288120 0.6506424
