14.166000 0.0000000 0.0000000 0.0000000 0.0000000 0.0000000 0.0000000 1.0000000
14.533000 -0.0174541 0.0123715 0.0275138 0.0024792 0.0026242 -0.0015135 0.9999923
14.566000 -0.0177194 0.0137419 0.0302181 0.0025860 0.0025033 -0.0010920 0.9999929
16.000000 -0.0387058 0.0171758 0.0668082 -0.0007666 0.0098544 -0.0047472 0.9999399
16.700000 -0.0467823 0.0162288 0.0904729 -0.0043659 0.0164811 -0.0064958 0.9998335
16.900000 -0.0478734 0.0162007 0.0966137 -0.0054667 0.0185725 -0.0066489 0.9997905
17.466000 -0.0545491 0.0134389 0.1159111 -0.0096190 0.0264091 -0.0086620 0.9995674
19.200000 -0.0594168 -0.0001319 0.1933245 -0.0307862 0.0555390 -0.0093440 0.9979380
19.700000 -0.0603948 -0.0044773 0.2164948 -0.0378501 0.0645736 -0.0098926 0.9971458
21.100000 -0.0666326 -0.0082936 0.2809078 -0.0542219 0.0875797 -0.0116306 0.9946128
21.266000 -0.0656819 -0.0076102 0.2873383 -0.0556799 0.0898180 -0.0111163 0.9943384
21.833000 -0.0535674 -0.0118384 0.3110746 -0.0674034 0.0999514 -0.0083458 0.9926715
22.033000 -0.0300759 -0.0211083 0.3276396 -0.0804656 0.1107687 -0.0053356 0.9905691
22.100000 -0.0194137 -0.0231813 0.3374441 -0.0866364 0.1155568 -0.0036728 0.9895086
22.233000 0.0034874 -0.0243358 0.3623588 -0.1013172 0.1250885 0.0001651 0.9869588
22.366000 0.0370173 -0.0198406 0.3868118 -0.1166118 0.1345388 0.0066436 0.9840004
22.566000 0.0946529 -0.0069062 0.4223449 -0.1416612 0.1498159 0.0169097 0.9783667
22.766000 0.1511343 0.0077125 0.4445609 -0.1629113 0.1661273 0.0246620 0.9722415
22.866000 0.1733126 0.0115535 0.4513745 -0.1710463 0.1729446 0.0265227 0.9696029
22.966000 0.1937293 0.0169889 0.4573878 -0.1783988 0.1786148 0.0284977 0.9671910
23.066000 0.2110380 0.0198695 0.4635198 -0.1859444 0.1845627 0.0285565 0.9646480
23.266000 0.2463596 0.0321931 0.4751192 -0.2003093 0.1949951 0.0310919 0.9596283
23.366000 0.2619514 0.0348423 0.4799777 -0.2074963 0.2001275 0.0301759 0.9570704
23.666000 0.2817241 0.0268424 0.4741749 -0.2143123 0.2108089 0.0247846 0.9534231
23.766000 0.3058040 0.0180840 0.4654233 -0.2206868 0.2220333 0.0175609 0.9495737
23.833000 0.3300713 0.0112904 0.4520813 -0.2229791 0.2294947 0.0120657 0.9473473
24.000000 0.3851795 -0.0031667 0.4190436 -0.2256374 0.2448107 -0.0011245 0.9429498
24.166000 0.4322692 -0.0162513 0.3899240 -0.2271654 0.2545261 -0.0097572 0.9399559
24.266000 0.4513134 -0.0215639 0.3772558 -0.2276945 0.2594654 -0.0139570 0.9384232
24.366000 0.4698524 -0.0271100 0.3647530 -0.2278806 0.2639329 -0.0174324 0.9370731
24.533000 0.4984322 -0.0380037 0.3441595 -0.2286660 0.2717188 -0.0237554 0.9345140
24.600000 0.5109394 -0.0424826 0.3354820 -0.2291608 0.2748925 -0.0266349 0.9333863
24.700000 0.5206581 -0.0435366 0.3289238 -0.2286650 0.2773375 -0.0283320 0.9327344
24.766000 0.5209285 -0.0436993 0.3294806 -0.2286930 0.2770377 -0.0286865 0.9328058
25.200000 0.5290085 -0.0397021 0.3270700 -0.2262707 0.2802654 -0.0294062 0.9324099
25.400000 0.5338553 -0.0379660 0.3275792 -0.2270340 0.2830041 -0.0314747 0.9313289
26.400000 0.5417637 -0.0155348 0.3371204 -0.2245376 0.2925421 -0.0368705 0.9287855
26.700000 0.5405473 -0.0035265 0.3433546 -0.2230506 0.2953367 -0.0373513 0.9282401
27.233000 0.5422279 0.0085796 0.3505696 -0.2209488 0.3003047 -0.0377586 0.9271316
27.833000 0.5450275 0.0190980 0.3583437 -0.2210818 0.3112338 -0.0403067 0.9233806
29.333000 0.5463852 0.0610526 0.3820871 -0.2133763 0.3236905 -0.0419509 0.9208339
29.500000 0.5468987 0.0657206 0.3849051 -0.2124300 0.3248296 -0.0418014 0.9206583
30.099000 0.5496859 0.0801051 0.3943313 -0.2107590 0.3307249 -0.0425709 0.9189066
30.500000 0.5514870 0.0900368 0.4005940 -0.2104488 0.3370059 -0.0442907 0.9166116
30.833000 0.5523589 0.0989160 0.4064802 -0.2102874 0.3409504 -0.0460110 0.9151039
31.900000 0.5555786 0.1297893 0.4281653 -0.2078935 0.3487312 -0.0464075 0.9126955
33.300000 0.5618580 0.1651473 0.4535223 -0.2018372 0.3614587 -0.0487999 0.9089708
33.700000 0.5651281 0.1777867 0.4582409 -0.1974303 0.3627379 -0.0467805 0.9095351
33.800000 0.5658386 0.1813966 0.4596853 -0.1964258 0.3628670 -0.0467236 0.9097040
34.033000 0.5659856 0.1828121 0.4602892 -0.1955884 0.3662747 -0.0477963 0.9084622
34.100000 0.5656685 0.1848310 0.4614115 -0.1970954 0.3666848 -0.0487265 0.9079215
35.066000 0.5646054 0.1622989 0.4616020 -0.2112471 0.3862670 -0.0690457 0.8952124
35.333000 0.5639653 0.1422229 0.4572950 -0.2196216 0.4013490 -0.0894241 0.8846970
35.433000 0.5639963 0.1331341 0.4559329 -0.2247297 0.4088310 -0.0981925 0.8790404
35.500000 0.5637798 0.1241981 0.4535499 -0.2283805 0.4165451 -0.1078370 0.8733291
35.566000 0.5674949 0.1100976 0.4502327 -0.2355492 0.4255425 -0.1139451 0.8662832
35.633000 0.5654314 0.0959163 0.4482216 -0.2410015 0.4350230 -0.1256904 0.8584143
35.700000 0.5735704 0.0800362 0.4383791 -0.2441068 0.4400847 -0.1264324 0.8548405
35.766000 0.5687816 0.0597839 0.4362383 -0.2498388 0.4513898 -0.1417236 0.8448327
35.833000 0.5579691 0.0172780 0.4326273 -0.2578874 0.4681727 -0.1590166 0.8300736
35.866000 0.5534838 -0.0090008 0.4288136 -0.2613704 0.4764332 -0.1640294 0.8232808
35.900000 0.5515884 -0.0340154 0.4233487 -0.2642500 0.4834050 -0.1667836 0.8177254
35.933000 0.5422264 -0.0420788 0.4203921 -0.2629755 0.4943710 -0.1753414 0.8097509
35.966000 0.5312954 -0.0501262 0.4159710 -0.2602304 0.5063264 -0.1816784 0.8018146
36.000000 0.5214382 -0.0597410 0.4100760 -0.2569724 0.5174096 -0.1861599 0.7947308
36.200000 0.4599033 -0.1287644 0.3822400 -0.2519532 0.5684375 -0.2198170 0.7517173
36.266000 0.4375204 -0.1484434 0.3739915 -0.2496612 0.5854391 -0.2291681 0.7364865
36.333000 0.4108137 -0.1679572 0.3651509 -0.2455343 0.6039867 -0.2358559 0.7206143
36.400000 0.3853296 -0.1924260 0.3510416 -0.2413614 0.6201159 -0.2399912 0.7068275
36.466000 0.3457923 -0.2118869 0.3496922 -0.2365289 0.6417273 -0.2461153 0.6867805
36.533000 0.3021702 -0.2336715 0.3495235 -0.2317656 0.6627496 -0.2506003 0.6665186
36.666000 0.2139197 -0.2805333 0.3353724 -0.2214554 0.7001709 -0.2558328 0.6287032
36.733000 0.1671319 -0.2988908 0.3276379 -0.2158106 0.7182506 -0.2580443 0.6090607
36.800000 0.1157553 -0.3199947 0.3229696 -0.2108237 0.7354624 -0.2596047 0.5892826
36.866000 0.0636901 -0.3405610 0.3202177 -0.2065534 0.7511094 -0.2614253 0.5699362
36.933000 0.0030812 -0.3578332 0.3269268 -0.2021669 0.7675749 -0.2637284 0.5480918
37.000000 -0.0690021 -0.3803647 0.3367698 -0.1975071 0.7840675 -0.2647838 0.5254699
37.066000 -0.1243400 -0.4078356 0.3300787 -0.1945816 0.7943645 -0.2644320 0.5110761
37.166000 -0.2105272 -0.4346641 0.3341161 -0.1897359 0.8096527 -0.2652361 0.4879677
37.266000 -0.2850735 -0.4613282 0.3364375 -0.1863359 0.8212479 -0.2644446 0.4699998
37.733000 -0.2791371 -0.4576677 0.3314664 -0.1859377 0.8212724 -0.2645624 0.4700484
38.033000 -0.2844332 -0.4599807 0.3299289 -0.1867902 0.8243989 -0.2655238 0.4636517
39.233000 -0.3683492 -0.4815989 0.3274845 -0.1798213 0.8388045 -0.2743056 0.4345432
39.400000 -0.3728676 -0.4813499 0.3271863 -0.1780287 0.8392541 -0.2750050 0.4339708
39.800000 -0.3621509 -0.4827565 0.3245068 -0.1780426 0.8377426 -0.2733889 0.4378888
43.033000 -0.3800147 -0.4944926 0.3243418 -0.1827194 0.8437452 -0.2711989 0.4256274
43.333000 -0.3773069 -0.4934284 0.3240451 -0.1832137 0.8438206 -0.2713518 0.4251678
44.466000 -0.3852891 -0.4927122 0.3200948 -0.1789390 0.8458030 -0.2713661 0.4230348
46.100000 -0.3930762 -0.4966642 0.3228849 -0.1810466 0.8502623 -0.2712035 0.4131886
46.233000 -0.3943023 -0.4969316 0.3227240 -0.1805408 0.8511196 -0.2717415 0.4112870
46.500000 -0.4243819 -0.5059648 0.3232163 -0.1761732 0.8588657 -0.2782376 0.3922964
46.566000 -0.4345662 -0.5088307 0.3232447 -0.1746963 0.8612700 -0.2802950 0.3861734
46.700000 -0.4584606 -0.5152360 0.3231250 -0.1716940 0.8663297 -0.2846994 0.3727471
46.733000 -0.4659236 -0.5172983 0.3233761 -0.1707700 0.8680193 -0.2858380 0.3683433
46.766000 -0.4755580 -0.5197622 0.3239622 -0.1694295 0.8700339 -0.2871038 0.3631888
46.800000 -0.4853116 -0.5226473 0.3232697 -0.1685717 0.8720101 -0.2884990 0.3577015
46.900000 -0.5144500 -0.5301189 0.3196783 -0.1655620 0.8773717 -0.2926222 0.3423162
46.933000 -0.5246495 -0.5323089 0.3192492 -0.1643683 0.8792828 -0.2938689 0.3368766
47.000000 -0.5445889 -0.5394844 0.3236737 -0.1648751 0.8832377 -0.2969470 0.3233106
47.066000 -0.5621006 -0.5472553 0.3220103 -0.1652089 0.8859810 -0.2989235 0.3136692
47.133000 -0.5842888 -0.5519358 0.3222145 -0.1633512 0.8893207 -0.3014330 0.3025942
47.166000 -0.5920285 -0.5563529 0.3224958 -0.1640042 0.8908449 -0.3016205 0.2975280
47.200000 -0.5993087 -0.5594946 0.3268867 -0.1655330 0.8916174 -0.3048416 0.2910134
