13.633000 0.0000000 0.0000000 0.0000000 0.0000000 0.0000000 0.0000000 1.0000000
14.166000 -0.0125690 0.0096374 0.0224756 -0.0005056 0.0053613 -0.0008975 0.9999851
14.200000 -0.0134248 0.0103804 0.0237445 -0.0003429 0.0056750 -0.0009984 0.9999833
14.500000 -0.0197230 0.0139823 0.0346160 0.0006786 0.0087135 -0.0019614 0.9999599
16.733000 -0.0316144 0.0199222 0.0623966 -0.0019643 0.0206480 -0.0061719 0.9997658
19.700000 -0.0317596 0.0192658 0.1123759 -0.0242944 0.0606310 -0.0068775 0.9978409
20.566000 -0.0303298 0.0214411 0.1297026 -0.0322348 0.0721692 -0.0054849 0.9968563
21.266000 -0.0295167 0.0231716 0.1415345 -0.0369952 0.0808232 -0.0042583 0.9960325
21.800000 -0.0259129 0.0219904 0.1515873 -0.0475690 0.0909453 -0.0021220 0.9947169
21.933000 -0.0224510 0.0195367 0.1563688 -0.0551397 0.0981315 -0.0015006 0.9936436
22.133000 -0.0104000 0.0171714 0.1639469 -0.0682251 0.1110621 0.0025664 0.9914656
22.266000 -0.0021128 0.0160768 0.1742772 -0.0825210 0.1225908 0.0041269 0.9890120
22.333000 0.0050490 0.0172368 0.1797959 -0.0902490 0.1281579 0.0076123 0.9876096
22.766000 0.0549716 0.0312552 0.2065327 -0.1359429 0.1619290 0.0247209 0.9770811
22.966000 0.0715569 0.0348383 0.2119508 -0.1504153 0.1750952 0.0267526 0.9726259
23.066000 0.0784482 0.0363470 0.2143418 -0.1571590 0.1813677 0.0265531 0.9704132
23.166000 0.0857099 0.0386975 0.2160475 -0.1628632 0.1865696 0.0277231 0.9684517
23.266000 0.0929973 0.0415145 0.2185066 -0.1696986 0.1920785 0.0286777 0.9661707
23.366000 0.0998759 0.0427937 0.2197656 -0.1756134 0.1971267 0.0281932 0.9641090
23.533000 0.1041712 0.0404437 0.2184677 -0.1780879 0.2011427 0.0270515 0.9628575
23.633000 0.1068620 0.0405764 0.2173259 -0.1803293 0.2056620 0.0253123 0.9615320
23.800000 0.1234542 0.0357638 0.2098888 -0.1870591 0.2214459 0.0138843 0.9569628
23.866000 0.1331565 0.0338488 0.2041847 -0.1882307 0.2278126 0.0090604 0.9552950
23.966000 0.1472653 0.0306908 0.1955693 -0.1894986 0.2372179 0.0023669 0.9527919
24.033000 0.1568206 0.0282006 0.1897947 -0.1903914 0.2423325 -0.0023453 0.9513257
24.100000 0.1649568 0.0263669 0.1843299 -0.1907315 0.2474699 -0.0063662 0.9499156
24.400000 0.1897669 0.0197739 0.1673943 -0.1918537 0.2627650 -0.0180028 0.9454219
24.500000 0.1966600 0.0172150 0.1624854 -0.1926657 0.2677902 -0.0218193 0.9437649
24.600000 0.2049694 0.0143957 0.1565556 -0.1932389 0.2723866 -0.0254413 0.9422404
24.733000 0.2090137 0.0137755 0.1535957 -0.1919899 0.2746111 -0.0272891 0.9417983
24.833000 0.2090531 0.0137744 0.1540337 -0.1917468 0.2741013 -0.0271046 0.9420016
25.033000 0.2104828 0.0158289 0.1535903 -0.1890962 0.2748856 -0.0263874 0.9423292
25.433000 0.2152097 0.0167423 0.1532909 -0.1904645 0.2803852 -0.0303414 0.9403121
26.033000 0.2192662 0.0223847 0.1550986 -0.1890163 0.2869133 -0.0338190 0.9385147
26.233000 0.2191225 0.0249422 0.1567327 -0.1874143 0.2872523 -0.0333238 0.9387500
26.700000 0.2186870 0.0309775 0.1607871 -0.1856824 0.2905601 -0.0343736 0.9380380
27.033000 0.2191216 0.0344445 0.1630507 -0.1839340 0.2927217 -0.0342097 0.9377164
27.233000 0.2194424 0.0360275 0.1642116 -0.1832258 0.2954234 -0.0345275 0.9369959
27.866000 0.2207630 0.0405587 0.1680535 -0.1832905 0.3066297 -0.0368035 0.9332890
29.566000 0.2211825 0.0598923 0.1809831 -0.1743500 0.3218186 -0.0375901 0.9298504
29.866000 0.2215420 0.0631047 0.1831004 -0.1731200 0.3250793 -0.0379416 0.9289313
30.266000 0.2221754 0.0668708 0.1859960 -0.1724990 0.3314685 -0.0388701 0.9267480
30.766000 0.2230616 0.0721829 0.1896763 -0.1716266 0.3386786 -0.0405635 0.9242271
30.866000 0.2231194 0.0729289 0.1904660 -0.1715450 0.3393976 -0.0407997 0.9239681
31.966000 0.2240166 0.0862733 0.1994496 -0.1659742 0.3516482 -0.0386359 0.9204908
32.066000 0.2238328 0.0873602 0.2001755 -0.1650461 0.3537368 -0.0380840 0.9198803
32.266000 0.2237953 0.0895783 0.2016378 -0.1631042 0.3570557 -0.0369597 0.9189898
32.466000 0.2243263 0.0918527 0.2027797 -0.1606573 0.3593836 -0.0352657 0.9185799
33.200000 0.2272021 0.0996751 0.2060924 -0.1522469 0.3646057 -0.0338626 0.9180070
33.400000 0.2277952 0.1022247 0.2074220 -0.1499437 0.3654933 -0.0329850 0.9180651
33.500000 0.2285464 0.1036713 0.2079902 -0.1489254 0.3649408 -0.0318989 0.9184889
33.800000 0.2288324 0.1059602 0.2092601 -0.1450445 0.3675652 -0.0316761 0.9180711
33.900000 0.2288246 0.1060404 0.2092987 -0.1434935 0.3680455 -0.0320173 0.9181105
34.866000 0.2285991 0.1073689 0.2102604 -0.1487153 0.3789511 -0.0415320 0.9124445
35.066000 0.2285937 0.1071620 0.2101295 -0.1524953 0.3882132 -0.0512984 0.9074162
35.166000 0.2285958 0.1071135 0.2100973 -0.1549377 0.3941981 -0.0571958 0.9040635
35.266000 0.2286032 0.1070011 0.2100232 -0.1576248 0.4003505 -0.0634986 0.9004676
35.433000 0.2285919 0.1069193 0.2099839 -0.1635173 0.4105069 -0.0802568 0.8934792
35.500000 0.2286018 0.1068440 0.2099388 -0.1673776 0.4191821 -0.0889474 0.8878961
