[array([[-0.13758028],
       [-0.01157741],
       [ 0.01265424]]), array([[-0.33209135],
       [-0.11704644],
       [-0.34789918]]), array([[ 0.04472344],
       [ 0.63983354],
       [-0.00095188]]), array([[-0.55664585],
       [ 0.04935459],
       [-0.02155395]]), array([[-0.83463123],
       [-0.24288427],
       [-0.27111736]]), array([[-0.87913097],
       [-0.25436873],
       [-0.29930837]]), array([[-0.25029033],
       [ 0.28118441],
       [ 0.07551785]]), array([[-0.68388542],
       [-0.01112428],
       [-0.03595603]]), array([[-0.30832509],
       [ 0.00066951],
       [-0.0201929 ]]), array([[-0.75228089],
       [-0.14699258],
       [-0.18511813]]), array([[-0.71508968],
       [ 0.03827896],
       [ 0.03656071]]), array([[ 0.04468002],
       [ 0.08864669],
       [-0.19720578]]), array([[0.03318093],
       [0.6117097 ],
       [0.01215152]]), array([[ 0.14599171],
       [ 0.08621113],
       [-0.22175879]]), array([[ 0.46746097],
       [ 0.32962046],
       [-0.42531451]]), array([[-0.1102074 ],
       [ 0.23835107],
       [ 0.00265424]]), array([[ 0.35913444],
       [ 0.26519387],
       [-0.37796087]]), array([[-0.00569171],
       [ 0.67677236],
       [ 3.05045388]]), array([[-0.06511554],
       [ 0.0057173 ],
       [-0.18585739]]), array([[0.12419389],
       [0.20878679],
       [3.11855686]]), array([[-0.69248368],
       [-0.24384724],
       [-0.37261263]]), array([[ 0.41325891],
       [ 0.28192143],
       [-0.4034667 ]]), array([[-0.10589501],
       [ 0.32780266],
       [ 0.03924339]]), array([[ 0.51884321],
       [ 0.33306132],
       [-0.42396276]]), array([[ 0.07810296],
       [ 0.07259499],
       [-0.18346003]]), array([[ 0.1758674 ],
       [ 0.14585309],
       [-0.27892335]]), array([[-0.54652176],
       [ 0.01460646],
       [ 0.00679962]]), array([[-0.48606198],
       [ 0.04503441],
       [-0.04840053]]), array([[-0.00595172],
       [ 0.45677337],
       [ 0.02926689]]), array([[-0.20644359],
       [-0.01494779],
       [-0.01184791]]), array([[-0.69158927],
       [-0.088087  ],
       [-0.07807723]]), array([[ 0.36897302],
       [ 0.24563229],
       [-0.39156137]]), array([[-0.52517786],
       [ 0.00384779],
       [ 0.0031958 ]]), array([[-0.58350378],
       [ 0.17495334],
       [ 0.10314119]]), array([[-0.15293643],
       [ 0.04211828],
       [-0.12629153]]), array([[-0.7885037 ],
       [-0.22262099],
       [-0.24709044]]), array([[ 0.02816519],
       [ 0.57141918],
       [-0.02212774]]), array([[-0.54598763],
       [ 0.03630895],
       [-0.02834791]]), array([[ 0.19400276],
       [ 0.14187803],
       [-0.27006128]]), array([[-0.66271834],
       [ 0.13914385],
       [ 0.10921817]]), array([[-0.0026867 ],
       [ 0.4417368 ],
       [-0.03555706]]), array([[-0.81001826],
       [-0.23751764],
       [-0.31873093]]), array([[-0.05531127],
       [ 0.36490812],
       [-0.02491565]]), array([[ 0.27950921],
       [ 0.20753023],
       [-0.3419169 ]]), array([[ 0.47226192],
       [ 0.30289569],
       [-0.4265992 ]]), array([[ 0.01135638],
       [ 0.04134891],
       [-0.18256999]]), array([[-0.44098893],
       [ 0.22512588],
       [ 0.10411952]]), array([[-0.32944078],
       [ 0.05561278],
       [-0.09051697]]), array([[ 0.26471432],
       [ 0.19572492],
       [-0.33950084]]), array([[-0.87654991],
       [-0.2448489 ],
       [-0.29330519]]), array([[-0.53565056],
       [-0.22316066],
       [-0.42548022]])]