[array([[-104.34174509],
       [ -96.68937432],
       [ 589.39401461]]), array([[-140.0690178 ],
       [  -1.3271904 ],
       [ 643.35901623]]), array([[-130.60943426],
       [-116.6089152 ],
       [ 474.02744191]]), array([[-113.31233197],
       [ -86.0856057 ],
       [ 900.61446424]]), array([[-106.84252992],
       [  38.83363515],
       [ 686.39963454]]), array([[-99.62626345],
       [ 34.43435926],
       [687.28224996]]), array([[-117.35106333],
       [-108.12916357],
       [ 595.96967087]]), array([[-123.41454558],
       [ -11.45169686],
       [ 767.16249002]]), array([[-114.77576074],
       [-114.99244783],
       [ 543.04135838]]), array([[-129.79309393],
       [  38.5151694 ],
       [ 706.55911816]]), array([[-146.62059882],
       [ -29.01746726],
       [ 826.3682086 ]]), array([[-143.80459354],
       [ -72.39400011],
       [ 640.9268189 ]]), array([[-129.04493879],
       [-109.23449228],
       [ 474.4478405 ]]), array([[-164.10171619],
       [ -72.68073606],
       [ 641.79278432]]), array([[-124.58961628],
       [   7.71618314],
       [ 650.52667496]]), array([[-105.68812214],
       [ -96.88240854],
       [ 588.96201911]]), array([[-134.87576646],
       [ -10.7855871 ],
       [ 643.69638789]]), array([[ 94.56123337],
       [ -2.95752716],
       [551.48478623]]), array([[-156.98587014],
       [ -79.45697775],
       [ 659.36087202]]), array([[ 81.78860414],
       [ 40.04309531],
       [564.7995287 ]]), array([[-117.70028062],
       [  33.93369179],
       [ 615.42252467]]), array([[-1.20319023e+02],
       [-3.05112245e-01],
       [ 6.56152762e+02]]), array([[-118.63017826],
       [ -94.07707523],
       [ 555.0719136 ]]), array([[-124.33329513],
       [  -0.91221139],
       [ 641.9991467 ]]), array([[-171.56173676],
       [ -78.68927471],
       [ 645.15040765]]), array([[-153.90521176],
       [ -41.48148844],
       [ 642.01047697]]), array([[-88.91836325],
       [-77.97237118],
       [674.36162379]]), array([[-117.95886104],
       [ -73.20995673],
       [ 840.65618724]]), array([[-120.03284297],
       [ -96.10007443],
       [ 499.00226277]]), array([[-114.07152377],
       [-108.80831853],
       [ 563.58481239]]), array([[-117.71895555],
       [   3.3073324 ],
       [ 735.14064845]]), array([[-122.48558067],
       [ -12.88537016],
       [ 659.55418201]]), array([[-96.49318531],
       [-96.41614762],
       [666.57921402]]), array([[-92.93470542],
       [-86.997758  ],
       [759.32188671]]), array([[-125.06927988],
       [-102.26914818],
       [ 689.24545757]]), array([[-130.71215813],
       [  28.92881955],
       [ 683.55041435]]), array([[-131.88087741],
       [-110.02091175],
       [ 489.15650285]]), array([[-131.02391005],
       [-100.09124821],
       [ 895.02442702]]), array([[-150.53195161],
       [ -33.36311854],
       [ 652.36628557]]), array([[-88.36420767],
       [-69.59942929],
       [821.67555682]]), array([[-137.86637999],
       [-102.48763133],
       [ 515.47423488]]), array([[-103.1404862 ],
       [   4.33321905],
       [ 658.20749604]]), array([[-117.90944713],
       [ -97.28830333],
       [ 563.00858727]]), array([[-132.69006174],
       [ -14.16992342],
       [ 658.77756703]]), array([[-129.93411535],
       [   4.03095266],
       [ 650.39207054]]), array([[-165.88762518],
       [ -84.4564014 ],
       [ 649.22311971]]), array([[-103.82824465],
       [-115.94466644],
       [ 657.65713818]]), array([[-121.13740209],
       [-104.73294871],
       [ 768.11759129]]), array([[-152.10815673],
       [ -12.35001258],
       [ 648.03174228]]), array([[-89.55140534],
       [ 27.89922463],
       [692.60483973]]), array([[-128.35284059],
       [  53.34399848],
       [ 621.38600762]])]